2.338,8.18,0
-1.1508,8.9454,0.001
4.0824,8.9454,0.001
0.59363,8.9454,0.002
4.0824,8.9454,0.003
0.59363,8.9454,0.004
4.0824,8.9454,0.005
4.0824,8.9454,0.006
7.5712,8.9454,0.007
4.0824,8.9454,0.008
5.8268,8.9454,0.009
2.338,8.9454,0.01
-1.1508,8.9454,0.011
2.338,9.7108,0.011
4.0824,9.7108,0.012
9.3156,14.303,0.013
9.3156,12.772,0.014
9.3156,15.834,0.015
9.3156,18.13,0.016
12.804,20.426,0.017
12.804,23.488,0.019
14.549,26.55,0.02
12.804,30.377,0.021
14.549,33.438,0.022
14.549,36.5,0.024
19.782,40.327,0.025
19.782,43.388,0.027
35.482,47.215,0.028
30.248,51.042,0.03
40.715,55.635,0.031
40.715,59.462,0.032
47.692,63.289,0.033
54.67,65.585,0.035
54.67,68.647,0.036
63.392,70.177,0.037
59.903,71.708,0.039
59.903,73.239,0.04
51.181,74.004,0.041
56.414,74.77,0.043
56.414,74.77,0.044
54.67,74.77,0.045
52.926,74.77,0.047
52.926,74.77,0.048
51.181,74.004,0.049
35.482,73.239,0.051
38.97,72.474,0.052
40.715,72.474,0.053
33.737,72.474,0.055
35.482,71.708,0.056
44.204,71.708,0.057
30.248,71.708,0.059
33.737,71.708,0.06
40.715,71.708,0.061
35.482,72.474,0.063
37.226,72.474,0.064
40.715,72.474,0.065
40.715,72.474,0.067
38.97,72.474,0.068
37.226,72.474,0.07
37.226,72.474,0.072
40.715,71.708,0.073
40.715,71.708,0.074
44.204,71.708,0.076
42.459,71.708,0.077
40.715,70.943,0.078
44.204,70.943,0.08
44.204,71.708,0.081
42.459,71.708,0.082
44.204,71.708,0.083
47.692,71.708,0.085
49.437,72.474,0.086
44.204,72.474,0.087
49.437,72.474,0.089
51.181,72.474,0.09
51.181,71.708,0.091
56.414,72.474,0.093
54.67,72.474,0.094
54.67,71.708,0.095
52.926,71.708,0.097
49.437,71.708,0.098
54.67,71.708,0.099
47.692,71.708,0.101
49.437,70.943,0.102
49.437,71.708,0.104
47.692,71.708,0.105
49.437,71.708,0.106
47.692,71.708,0.108
52.926,72.474,0.109
47.692,70.943,0.112
47.692,70.943,0.113
45.948,71.708,0.114
45.948,70.943,0.116
45.948,70.943,0.117
44.204,70.943,0.119
42.459,70.943,0.12
47.692,70.943,0.122
42.459,70.943,0.123
42.459,70.943,0.124
42.459,70.943,0.126
42.459,70.943,0.127
42.459,70.943,0.129
47.692,70.943,0.13
44.204,70.943,0.131
38.97,70.177,0.133
45.948,70.943,0.134
51.181,70.943,0.136
49.437,70.943,0.137
45.948,70.943,0.138
47.692,70.943,0.14
49.437,70.943,0.141
51.181,70.943,0.143
49.437,70.943,0.144
47.692,70.943,0.146
49.437,70.943,0.147
52.926,70.943,0.148
49.437,70.943,0.15
51.181,70.177,0.151
51.181,70.943,0.153
47.692,70.943,0.155
47.692,70.943,0.156
42.459,70.943,0.158
49.437,70.943,0.159
49.437,70.943,0.161
47.692,70.943,0.162
47.692,70.943,0.163
47.692,70.177,0.165
47.692,70.177,0.166
47.692,70.177,0.168
47.692,70.177,0.169
45.948,70.177,0.17
44.204,70.177,0.172
44.204,70.177,0.173
40.715,70.177,0.175
40.715,70.943,0.176
42.459,70.177,0.178
38.97,69.412,0.179
42.459,70.177,0.18
44.204,70.177,0.182
42.459,70.177,0.183
47.692,70.177,0.185
44.204,69.412,0.186
45.948,70.177,0.187
44.204,70.177,0.189
45.948,70.177,0.19
40.715,70.177,0.192
47.692,70.177,0.193
49.437,70.177,0.194
47.692,69.412,0.196
45.948,70.177,0.198
47.692,70.177,0.2
51.181,69.412,0.201
47.692,70.177,0.203
45.948,70.177,0.204
49.437,70.177,0.205
42.459,70.943,0.207
47.692,70.177,0.208
47.692,70.177,0.21
49.437,69.412,0.211
45.948,70.177,0.212
47.692,70.177,0.214
49.437,69.412,0.215
45.948,70.177,0.217
51.181,70.177,0.218
45.948,69.412,0.219
49.437,69.412,0.221
47.692,69.412,0.222
45.948,69.412,0.224
45.948,68.647,0.225
44.204,69.412,0.227
45.948,69.412,0.228
45.948,69.412,0.229
45.948,69.412,0.231
45.948,69.412,0.232
45.948,69.412,0.234
44.204,69.412,0.235
45.948,70.177,0.236
44.204,69.412,0.238
45.948,69.412,0.24
45.948,69.412,0.242
45.948,69.412,0.243
45.948,69.412,0.244
44.204,69.412,0.246
45.948,69.412,0.247
47.692,69.412,0.249
45.948,69.412,0.25
44.204,69.412,0.252
47.692,69.412,0.253
45.948,69.412,0.254
51.181,69.412,0.256
51.181,69.412,0.257
45.948,69.412,0.259
47.692,70.177,0.26
47.692,70.177,0.261
45.948,69.412,0.263
47.692,70.177,0.264
45.948,69.412,0.266
45.948,69.412,0.267
44.204,69.412,0.268
45.948,69.412,0.27
47.692,68.647,0.271
45.948,69.412,0.273
45.948,69.412,0.274
45.948,69.412,0.276
47.692,69.412,0.277
45.948,70.943,0.278
40.715,69.412,0.28
47.692,69.412,0.281
45.948,68.647,0.284
47.692,68.647,0.285
49.437,69.412,0.286
47.692,68.647,0.288
45.948,68.647,0.289
45.948,69.412,0.291
45.948,69.412,0.292
47.692,67.881,0.293
45.948,69.412,0.295
42.459,68.647,0.296
47.692,69.412,0.298
47.692,68.647,0.299
47.692,69.412,0.3
49.437,68.647,0.302
49.437,69.412,0.303
47.692,69.412,0.305
47.692,69.412,0.306
47.692,69.412,0.308
51.181,69.412,0.309
47.692,69.412,0.31
49.437,68.647,0.312
47.692,68.647,0.313
47.692,69.412,0.315
47.692,69.412,0.316
45.948,68.647,0.317
47.692,68.647,0.319
44.204,69.412,0.32
42.459,69.412,0.322
45.948,68.647,0.323
47.692,68.647,0.324
45.948,68.647,0.327
44.204,68.647,0.328
45.948,68.647,0.33
44.204,68.647,0.331
42.459,69.412,0.333
45.948,68.647,0.334
42.459,68.647,0.335
45.948,68.647,0.337
42.459,69.412,0.338
44.204,68.647,0.34
44.204,68.647,0.341
45.948,68.647,0.342
45.948,68.647,0.344
45.948,68.647,0.345
40.715,68.647,0.347
42.459,68.647,0.348
45.948,68.647,0.349
45.948,68.647,0.351
45.948,68.647,0.352
44.204,68.647,0.354
47.692,68.647,0.355
44.204,68.647,0.357
45.948,68.647,0.358
45.948,67.881,0.359
47.692,68.647,0.361
47.692,68.647,0.362
49.437,68.647,0.364
47.692,68.647,0.365
54.67,68.647,0.366
47.692,69.412,0.369
45.948,68.647,0.37
47.692,68.647,0.372
44.204,68.647,0.373
44.204,68.647,0.374
44.204,68.647,0.376
47.692,68.647,0.377
42.459,68.647,0.379
45.948,68.647,0.38
45.948,68.647,0.382
47.692,68.647,0.383
52.926,68.647,0.384
47.692,68.647,0.386
47.692,68.647,0.387
45.948,68.647,0.389
47.692,68.647,0.39
47.692,68.647,0.391
45.948,68.647,0.393
49.437,68.647,0.394
51.181,67.881,0.396
45.948,68.647,0.397
44.204,68.647,0.398
45.948,68.647,0.4
47.692,68.647,0.401
47.692,68.647,0.403
47.692,68.647,0.404
44.204,68.647,0.406
44.204,67.881,0.407
45.948,67.881,0.408
45.948,68.647,0.411
44.204,68.647,0.412
45.948,68.647,0.414
44.204,67.881,0.415
45.948,67.881,0.416
47.692,67.881,0.418
47.692,68.647,0.419
45.948,67.881,0.421
47.692,68.647,0.422
45.948,67.881,0.423
42.459,67.881,0.425
49.437,67.881,0.426
47.692,68.647,0.428
45.948,67.881,0.429
45.948,68.647,0.43
42.459,67.881,0.432
56.414,67.881,0.433
42.459,68.647,0.435
42.459,67.881,0.436
49.437,67.881,0.438
42.459,67.881,0.439
45.948,67.881,0.44
52.926,67.881,0.442
44.204,67.881,0.443
44.204,68.647,0.445
44.204,68.647,0.446
47.692,67.881,0.447
47.692,68.647,0.449
44.204,67.881,0.45
45.948,67.881,0.452
45.948,67.881,0.454
51.181,68.647,0.455
45.948,67.881,0.457
45.948,67.881,0.458
44.204,67.881,0.46
45.948,68.647,0.461
45.948,67.881,0.463
47.692,67.881,0.464
47.692,67.881,0.465
42.459,67.881,0.467
45.948,67.116,0.468
47.692,67.881,0.47
45.948,68.647,0.471
47.692,67.881,0.472
44.204,67.881,0.474
44.204,67.881,0.475
40.715,68.647,0.477
45.948,67.881,0.478
44.204,67.881,0.479
45.948,67.881,0.481
42.459,67.881,0.482
45.948,67.881,0.484
45.948,67.881,0.485
45.948,68.647,0.487
49.437,67.881,0.488
47.692,67.881,0.489
44.204,68.647,0.491
47.692,67.881,0.492
44.204,67.881,0.494
45.948,68.647,0.496
45.948,67.881,0.497
44.204,67.881,0.499
44.204,67.881,0.5
45.948,67.881,0.502
45.948,67.881,0.503
45.948,67.116,0.504
40.715,67.881,0.506
45.948,67.881,0.507
47.692,67.881,0.509
45.948,67.116,0.51
45.948,68.647,0.512
45.948,67.881,0.513
45.948,72.474,0.514
61.648,75.535,0.516
56.414,79.362,0.517
73.858,83.955,0.519
80.836,87.016,0.52
89.558,91.609,0.521
98.28,95.436,0.523
105.26,100.79,0.524
115.72,103.85,0.526
124.45,108.45,0.527
131.42,113.04,0.528
148.87,117.63,0.53
148.87,122.22,0.531
157.59,126.05,0.533
166.31,129.11,0.534
169.8,132.17,0.536
183.76,133.71,0.537
176.78,134.47,0.54
178.52,135.24,0.541
178.52,135.24,0.543
178.52,135.24,0.544
176.78,135.24,0.546
176.78,133.71,0.547
175.03,132.94,0.549
175.03,132.17,0.55
173.29,132.17,0.552
171.54,131.41,0.553
168.06,131.41,0.555
173.29,132.17,0.556
176.78,132.94,0.558
173.29,132.94,0.559
176.78,132.94,0.561
176.78,133.71,0.562
183.76,132.94,0.564
173.29,132.94,0.565
185.5,132.94,0.567
176.78,132.17,0.568
175.03,132.17,0.57
169.8,132.17,0.571
173.29,131.41,0.573
173.29,131.41,0.574
173.29,131.41,0.576
175.03,131.41,0.577
173.29,132.17,0.579
175.03,132.17,0.58
175.03,131.41,0.583
171.54,132.17,0.584
175.03,132.17,0.585
175.03,131.41,0.587
173.29,131.41,0.588
180.27,131.41,0.59
166.31,131.41,0.591
173.29,131.41,0.593
171.54,130.64,0.594
166.31,130.64,0.596
171.54,130.64,0.597
168.06,130.64,0.599
171.54,130.64,0.6
173.29,131.41,0.602
173.29,131.41,0.603
173.29,131.41,0.605
171.54,131.41,0.606
175.03,131.41,0.608
175.03,131.41,0.609
173.29,131.41,0.611
182.01,130.64,0.612
175.03,130.64,0.614
173.29,130.64,0.615
175.03,130.64,0.617
173.29,130.64,0.618
173.29,130.64,0.62
173.29,130.64,0.621
166.31,130.64,0.624
164.57,130.64,0.625
173.29,130.64,0.627
171.54,130.64,0.628
180.27,130.64,0.63
173.29,130.64,0.631
171.54,129.88,0.633
169.8,130.64,0.634
168.06,129.88,0.636
171.54,129.88,0.637
169.8,130.64,0.639
169.8,129.88,0.64
171.54,129.88,0.642
180.27,129.88,0.643
171.54,129.88,0.645
171.54,129.88,0.646
171.54,129.88,0.648
168.06,129.88,0.649
162.82,129.88,0.651
171.54,129.88,0.652
168.06,129.88,0.654
171.54,129.88,0.655
171.54,129.88,0.657
171.54,129.88,0.658
166.31,129.88,0.66
169.8,129.88,0.661
171.54,129.11,0.663
171.54,129.88,0.664
171.54,129.11,0.667
173.29,129.11,0.668
178.52,129.11,0.67
161.08,129.88,0.671
169.8,129.11,0.673
173.29,129.11,0.674
168.06,129.11,0.676
169.8,129.88,0.677
169.8,129.11,0.679
169.8,129.88,0.68
169.8,129.11,0.682
169.8,129.11,0.683
176.78,129.11,0.685
169.8,129.11,0.686
169.8,129.11,0.688
173.29,129.11,0.689
169.8,129.11,0.691
162.82,129.11,0.692
173.29,129.88,0.694
164.57,129.11,0.695
169.8,129.11,0.697
169.8,129.11,0.698
168.06,129.11,0.7
161.08,129.11,0.701
168.06,128.35,0.703
168.06,129.11,0.704
169.8,128.35,0.706
168.06,129.11,0.707
168.06,129.11,0.71
171.54,129.11,0.711
176.78,129.11,0.713
168.06,129.11,0.714
168.06,128.35,0.715
168.06,129.11,0.717
169.8,128.35,0.718
164.57,128.35,0.72
166.31,128.35,0.721
169.8,128.35,0.723
175.03,128.35,0.724
168.06,129.11,0.726
168.06,128.35,0.727
168.06,128.35,0.729
166.31,128.35,0.73
166.31,128.35,0.732
168.06,128.35,0.733
166.31,127.58,0.735
168.06,128.35,0.736
168.06,129.11,0.738
166.31,128.35,0.739
168.06,128.35,0.741
169.8,128.35,0.742
166.31,128.35,0.744
169.8,128.35,0.745
168.06,128.35,0.747
168.06,128.35,0.748
169.8,128.35,0.75
169.8,128.35,0.752
168.06,128.35,0.754
168.06,128.35,0.755
168.06,128.35,0.757
166.31,127.58,0.758
168.06,128.35,0.76
166.31,128.35,0.761
164.57,128.35,0.763
168.06,127.58,0.764
168.06,128.35,0.766
168.06,128.35,0.767
171.54,128.35,0.769
162.82,127.58,0.77
168.06,127.58,0.772
168.06,128.35,0.773
166.31,126.82,0.775
168.06,128.35,0.776
168.06,127.58,0.778
166.31,127.58,0.779
168.06,128.35,0.781
168.06,127.58,0.782
169.8,128.35,0.784
164.57,128.35,0.785
166.31,128.35,0.787
168.06,127.58,0.788
168.06,127.58,0.79
168.06,127.58,0.791
161.08,127.58,0.793
168.06,127.58,0.795
173.29,127.58,0.797
164.57,127.58,0.798
166.31,126.82,0.8
164.57,127.58,0.801
166.31,127.58,0.803
169.8,128.35,0.804
159.33,127.58,0.806
168.06,127.58,0.807
161.08,127.58,0.809
168.06,127.58,0.81
166.31,126.82,0.812
166.31,127.58,0.813
166.31,126.82,0.815
168.06,126.82,0.816
168.06,127.58,0.818
166.31,127.58,0.819
168.06,127.58,0.821
168.06,126.82,0.822
166.31,127.58,0.824
161.08,127.58,0.825
176.78,126.82,0.827
166.31,127.58,0.828
169.8,127.58,0.83
166.31,127.58,0.831
168.06,127.58,0.833
166.31,126.82,0.834
166.31,127.58,0.836
166.31,126.82,0.838
164.57,126.82,0.84
169.8,127.58,0.841
166.31,127.58,0.843
161.08,126.82,0.844
164.57,126.82,0.845
166.31,127.58,0.847
164.57,126.82,0.848
166.31,126.82,0.85
173.29,126.82,0.851
166.31,126.82,0.853
164.57,126.82,0.854
166.31,127.58,0.856
168.06,127.58,0.857
168.06,126.82,0.859
166.31,126.82,0.86
166.31,126.82,0.862
164.57,126.82,0.863
161.08,126.82,0.865
166.31,126.82,0.866
166.31,126.82,0.868
164.57,126.82,0.869
164.57,126.82,0.871
164.57,126.82,0.872
166.31,126.82,0.874
166.31,126.82,0.875
166.31,126.82,0.877
159.33,126.05,0.878
166.31,126.82,0.881
169.8,126.82,0.882
166.31,126.82,0.884
166.31,126.05,0.885
166.31,126.82,0.887
169.8,126.82,0.888
164.57,126.82,0.89
161.08,126.82,0.891
162.82,126.82,0.893
161.08,126.82,0.894
166.31,126.82,0.896
168.06,126.82,0.897
159.33,126.05,0.899
164.57,126.82,0.9
159.33,126.05,0.902
166.31,126.05,0.903
164.57,126.05,0.905
162.82,126.05,0.906
162.82,126.05,0.908
166.31,126.05,0.909
166.31,126.05,0.911
166.31,126.05,0.912
168.06,126.05,0.914
164.57,126.82,0.915
162.82,126.05,0.917
164.57,126.05,0.918
164.57,126.05,0.92
164.57,126.05,0.921
169.8,126.05,0.924
164.57,126.05,0.925
164.57,126.05,0.927
168.06,126.05,0.928
162.82,126.05,0.93
166.31,126.05,0.931
168.06,126.05,0.933
166.31,126.82,0.934
169.8,126.05,0.936
166.31,126.05,0.937
166.31,126.05,0.939
164.57,126.05,0.94
164.57,126.05,0.942
164.57,126.05,0.943
162.82,126.05,0.945
159.33,126.05,0.946
162.82,126.05,0.948
166.31,126.05,0.949
164.57,126.05,0.951
164.57,126.05,0.952
162.82,126.05,0.954
162.82,126.05,0.955
166.31,126.05,0.957
162.82,126.05,0.958
164.57,126.05,0.96
166.31,125.29,0.961
164.57,126.05,0.963
162.82,126.05,0.964
168.06,126.05,0.967
168.06,125.29,0.968
162.82,126.05,0.97
162.82,126.05,0.971
168.06,125.29,0.973
161.08,125.29,0.974
164.57,125.29,0.975
164.57,126.05,0.977
164.57,125.29,0.978
164.57,125.29,0.98
164.57,126.05,0.981
171.54,126.05,0.983
168.06,125.29,0.984
162.82,126.05,0.986
164.57,125.29,0.987
161.08,125.29,0.989
169.8,126.05,0.99
164.57,125.29,0.992
162.82,125.29,0.993
164.57,126.05,0.995
164.57,125.29,0.996
164.57,125.29,0.998
168.06,125.29,0.999
164.57,125.29,1.001
164.57,126.05,1.002
164.57,125.29,1.004
162.82,125.29,1.006
162.82,125.29,1.008
166.31,125.29,1.01
166.31,125.29,1.011
159.33,125.29,1.013
164.57,125.29,1.015
171.54,131.41,1.016
182.01,136,1.018
190.73,139.06,1.019
201.2,145.95,1.021
213.41,149.78,1.022
223.88,154.37,1.024
234.34,159.73,1.026
246.55,163.56,1.027
253.53,168.91,1.029
267.49,174.27,1.03
276.21,178.1,1.032
290.16,181.16,1.033
288.42,182.69,1.035
290.16,184.22,1.037
291.91,184.22,1.038
290.16,183.46,1.04
295.4,182.69,1.041
286.68,181.93,1.043
286.68,180.39,1.044
283.19,179.63,1.046
281.44,179.63,1.048
281.44,179.63,1.049
279.7,179.63,1.052
279.7,180.39,1.053
286.68,181.16,1.055
286.68,181.16,1.057
288.42,181.93,1.058
286.68,181.93,1.06
284.93,181.93,1.061
286.68,181.16,1.063
288.42,181.16,1.064
283.19,180.39,1.066
284.93,179.63,1.068
281.44,178.86,1.069
281.44,179.63,1.071
283.19,179.63,1.072
284.93,179.63,1.074
283.19,179.63,1.075
283.19,181.16,1.077
283.19,180.39,1.079
286.68,181.16,1.08
284.93,181.16,1.082
284.93,180.39,1.083
276.21,179.63,1.085
281.44,179.63,1.086
283.19,178.86,1.088
283.19,178.86,1.09
281.44,178.86,1.091
279.7,178.86,1.094
281.44,179.63,1.095
281.44,179.63,1.097
281.44,179.63,1.099
283.19,179.63,1.1
284.93,179.63,1.102
283.19,179.63,1.103
281.44,179.63,1.105
281.44,178.86,1.106
281.44,178.86,1.108
283.19,178.86,1.11
281.44,178.86,1.111
279.7,178.86,1.113
281.44,178.86,1.114
281.44,178.86,1.116
279.7,178.86,1.117
281.44,178.86,1.119
281.44,178.86,1.121
281.44,178.86,1.122
284.93,178.86,1.124
281.44,178.86,1.125
281.44,178.86,1.127
279.7,178.1,1.128
288.42,178.1,1.13
277.95,178.86,1.132
279.7,178.1,1.133
279.7,178.1,1.136
274.46,178.1,1.137
281.44,178.1,1.139
277.95,178.1,1.141
272.72,178.1,1.142
283.19,178.86,1.144
283.19,178.1,1.145
283.19,178.1,1.147
281.44,178.1,1.148
283.19,178.1,1.15
281.44,178.1,1.152
279.7,178.1,1.153
279.7,178.1,1.155
281.44,178.1,1.156
279.7,178.1,1.158
279.7,178.1,1.159
279.7,178.1,1.161
281.44,178.1,1.163
279.7,178.1,1.164
279.7,177.33,1.166
277.95,178.1,1.167
276.21,178.1,1.169
281.44,178.1,1.17
274.46,177.33,1.172
277.95,178.1,1.174
277.95,178.1,1.175
281.44,177.33,1.177
281.44,177.33,1.179
279.7,177.33,1.181
281.44,177.33,1.183
277.95,177.33,1.184
277.95,178.1,1.186
277.95,177.33,1.187
279.7,177.33,1.189
279.7,177.33,1.19
281.44,177.33,1.192
279.7,177.33,1.194
270.98,177.33,1.195
277.95,177.33,1.197
277.95,177.33,1.198
279.7,177.33,1.2
279.7,177.33,1.201
277.95,177.33,1.203
279.7,176.57,1.205
279.7,177.33,1.206
277.95,177.33,1.208
279.7,177.33,1.209
277.95,177.33,1.211
274.46,176.57,1.213
277.95,177.33,1.214
277.95,177.33,1.216
279.7,176.57,1.217
277.95,177.33,1.219
279.7,176.57,1.22
277.95,177.33,1.223
276.21,176.57,1.225
277.95,177.33,1.226
279.7,176.57,1.228
279.7,177.33,1.229
284.93,177.33,1.231
279.7,177.33,1.232
272.72,176.57,1.234
277.95,177.33,1.236
277.95,176.57,1.237
283.19,176.57,1.239
276.21,176.57,1.24
276.21,176.57,1.242
276.21,176.57,1.243
277.95,176.57,1.245
274.46,176.57,1.247
276.21,176.57,1.248
277.95,176.57,1.25
279.7,176.57,1.251
274.46,176.57,1.253
274.46,175.8,1.255
276.21,176.57,1.256
277.95,176.57,1.258
276.21,176.57,1.259
276.21,176.57,1.261
274.46,175.8,1.262
277.95,176.57,1.265
274.46,176.57,1.267
284.93,176.57,1.268
272.72,176.57,1.27
276.21,176.57,1.271
276.21,176.57,1.273
274.46,176.57,1.274
272.72,175.8,1.276
274.46,175.8,1.278
276.21,175.8,1.279
276.21,175.8,1.281
274.46,175.8,1.282
276.21,175.8,1.284
274.46,175.8,1.285
274.46,175.8,1.287
276.21,175.8,1.289
274.46,175.8,1.29
267.49,175.8,1.292
274.46,175.8,1.293
274.46,175.8,1.295
274.46,175.8,1.297
274.46,175.8,1.298
274.46,175.8,1.3
276.21,175.8,1.301
274.46,175.8,1.303
274.46,175.8,1.304
274.46,175.8,1.307
277.95,175.8,1.309
276.21,175.8,1.31
274.46,175.8,1.312
277.95,175.04,1.313
274.46,175.8,1.315
272.72,175.04,1.316
272.72,175.8,1.318
269.23,175.04,1.32
272.72,175.04,1.321
272.72,175.8,1.323
277.95,175.8,1.324
276.21,175.04,1.326
274.46,175.8,1.327
277.95,175.8,1.329
274.46,175.8,1.331
276.21,175.8,1.332
274.46,175.04,1.334
281.44,175.04,1.335
272.72,175.04,1.337
274.46,175.04,1.339
274.46,175.04,1.34
281.44,175.8,1.342
276.21,175.04,1.343
274.46,175.04,1.345
272.72,175.04,1.346
270.98,175.04,1.348
270.98,175.04,1.351
281.44,175.04,1.352
269.23,175.04,1.354
272.72,175.04,1.355
272.72,175.04,1.357
270.98,175.04,1.358
274.46,175.04,1.36
272.72,174.27,1.362
274.46,175.04,1.363
274.46,175.04,1.365
274.46,175.04,1.366
274.46,175.04,1.368
274.46,175.04,1.369
272.72,175.04,1.371
270.98,175.04,1.373
272.72,175.04,1.374
274.46,174.27,1.376
276.21,175.04,1.377
274.46,175.04,1.379
274.46,175.04,1.381
274.46,175.04,1.382
276.21,175.04,1.384
274.46,174.27,1.385
276.21,174.27,1.387
272.72,174.27,1.388
270.98,174.27,1.39
270.98,174.27,1.393
270.98,174.27,1.394
272.72,174.27,1.396
272.72,175.04,1.397
270.98,174.27,1.399
272.72,174.27,1.4
272.72,174.27,1.402
274.46,174.27,1.404
270.98,174.27,1.405
274.46,174.27,1.407
269.23,174.27,1.408
272.72,174.27,1.41
272.72,174.27,1.411
272.72,174.27,1.413
270.98,173.51,1.415
272.72,174.27,1.416
270.98,174.27,1.418
274.46,174.27,1.419
272.72,174.27,1.421
274.46,174.27,1.423
274.46,174.27,1.424
274.46,174.27,1.426
281.44,174.27,1.427
274.46,174.27,1.429
274.46,174.27,1.43
276.21,174.27,1.432
272.72,174.27,1.435
272.72,175.04,1.436
272.72,174.27,1.438
272.72,173.51,1.439
272.72,174.27,1.441
267.49,173.51,1.442
270.98,174.27,1.444
272.72,174.27,1.446
274.46,174.27,1.447
272.72,174.27,1.449
274.46,173.51,1.45
270.98,174.27,1.452
277.95,174.27,1.453
270.98,173.51,1.455
277.95,174.27,1.457
272.72,174.27,1.458
270.98,174.27,1.46
270.98,174.27,1.461
269.23,174.27,1.463
270.98,173.51,1.465
272.72,173.51,1.466
272.72,172.74,1.468
274.46,173.51,1.469
270.98,174.27,1.471
272.72,173.51,1.472
270.98,173.51,1.474
270.98,173.51,1.476
269.23,173.51,1.478
270.98,174.27,1.48
270.98,173.51,1.481
269.23,173.51,1.483
270.98,173.51,1.484
269.23,173.51,1.486
269.23,173.51,1.488
272.72,173.51,1.489
269.23,173.51,1.491
269.23,173.51,1.492
270.98,173.51,1.494
270.98,173.51,1.496
269.23,173.51,1.497
269.23,173.51,1.499
265.74,173.51,1.5
272.72,173.51,1.502
272.72,173.51,1.503
272.72,173.51,1.505
270.98,173.51,1.507
272.72,173.51,1.508
274.46,173.51,1.51
270.98,173.51,1.511
269.23,173.51,1.513
281.44,179.63,1.514
290.16,183.46,1.516
304.12,188.81,1.518
312.84,194.17,1.52
323.31,198.76,1.522
326.8,203.36,1.523
344.24,208.71,1.525
352.96,213.31,1.526
366.92,217.9,1.528
379.13,222.49,1.53
389.59,227.85,1.531
401.81,231.68,1.533
408.78,234.74,1.534
414.02,236.27,1.536
424.48,236.27,1.538
414.02,235.5,1.539
410.53,234.74,1.541
408.78,233.97,1.542
403.55,231.68,1.544
400.06,230.91,1.545
400.06,229.38,1.547
400.06,230.15,1.549
400.06,230.91,1.55
403.55,231.68,1.552
401.81,232.44,1.553
400.06,233.21,1.555
407.04,233.21,1.556
407.04,233.97,1.558
403.55,233.21,1.56
405.29,232.44,1.561
407.04,231.68,1.564
403.55,230.91,1.565
400.06,230.91,1.567
400.06,230.15,1.568
398.32,229.38,1.57
401.81,230.15,1.572
401.81,230.91,1.573
405.29,231.68,1.575
403.55,231.68,1.576
403.55,231.68,1.578
405.29,231.68,1.58
403.55,231.68,1.581
401.81,230.91,1.583
405.29,230.91,1.584
400.06,230.15,1.586
400.06,230.15,1.587
403.55,230.15,1.589
394.83,229.38,1.591
400.06,230.15,1.592
400.06,230.15,1.594
400.06,230.15,1.595
400.06,230.91,1.597
396.57,230.91,1.598
398.32,230.91,1.6
401.81,230.91,1.602
401.81,230.91,1.603
398.32,230.15,1.606
401.81,229.38,1.607
403.55,230.15,1.609
400.06,229.38,1.61
398.32,229.38,1.612
398.32,229.38,1.614
396.57,229.38,1.615
408.78,230.15,1.617
401.81,229.38,1.618
400.06,230.15,1.62
400.06,230.15,1.622
396.57,230.15,1.623
400.06,229.38,1.625
400.06,229.38,1.626
400.06,229.38,1.628
398.32,228.62,1.629
398.32,228.62,1.631
398.32,229.38,1.633
398.32,228.62,1.634
394.83,228.62,1.636
396.57,229.38,1.637
396.57,229.38,1.639
391.34,229.38,1.64
398.32,229.38,1.642
398.32,228.62,1.644
396.57,228.62,1.645
400.06,229.38,1.648
396.57,229.38,1.649
394.83,228.62,1.651
396.57,228.62,1.652
396.57,228.62,1.654
396.57,228.62,1.656
396.57,228.62,1.657
403.55,228.62,1.659
391.34,228.62,1.66
396.57,228.62,1.662
398.32,228.62,1.664
391.34,228.62,1.665
396.57,228.62,1.667
398.32,228.62,1.668
398.32,228.62,1.67
396.57,227.85,1.671
396.57,227.85,1.673
403.55,227.85,1.675
394.83,227.85,1.676
396.57,227.85,1.678
396.57,228.62,1.679
396.57,227.85,1.681
398.32,227.85,1.682
396.57,228.62,1.684
398.32,227.85,1.686
396.57,227.85,1.687
400.06,227.85,1.689
396.57,227.85,1.691
396.57,227.85,1.693
394.83,227.85,1.694
393.08,227.85,1.696
393.08,227.85,1.698
393.08,227.85,1.699
394.83,227.85,1.701
394.83,227.08,1.702
394.83,227.85,1.704
394.83,227.85,1.706
396.57,227.85,1.707
389.59,227.85,1.709
396.57,227.85,1.71
393.08,227.08,1.712
394.83,227.08,1.713
394.83,227.08,1.715
394.83,227.08,1.717
394.83,227.08,1.718
396.57,227.85,1.72
394.83,227.08,1.721
394.83,227.08,1.723
394.83,227.08,1.724
394.83,227.08,1.726
391.34,227.08,1.728
396.57,227.08,1.729
396.57,227.08,1.731
393.08,227.08,1.732
393.08,227.08,1.735
393.08,227.08,1.736
393.08,226.32,1.738
396.57,227.08,1.74
393.08,227.08,1.741
393.08,227.08,1.743
393.08,227.08,1.744
389.59,226.32,1.746
391.34,226.32,1.748
393.08,226.32,1.749
393.08,227.08,1.751
393.08,226.32,1.752
393.08,226.32,1.754
389.59,226.32,1.755
393.08,226.32,1.757
393.08,226.32,1.759
389.59,226.32,1.76
391.34,226.32,1.762
391.34,226.32,1.763
389.59,226.32,1.765
389.59,226.32,1.766
393.08,226.32,1.768
394.83,226.32,1.77
393.08,226.32,1.771
389.59,226.32,1.773
391.34,226.32,1.774
389.59,226.32,1.777
387.85,226.32,1.779
393.08,226.32,1.78
391.34,226.32,1.782
393.08,226.32,1.783
391.34,226.32,1.785
393.08,226.32,1.786
393.08,226.32,1.788
391.34,226.32,1.79
389.59,225.55,1.791
391.34,226.32,1.793
391.34,226.32,1.794
389.59,226.32,1.796
389.59,225.55,1.797
389.59,226.32,1.799
389.59,225.55,1.801
387.85,226.32,1.802
389.59,225.55,1.804
391.34,226.32,1.805
389.59,226.32,1.807
391.34,225.55,1.808
391.34,225.55,1.81
387.85,225.55,1.812
389.59,225.55,1.813
389.59,225.55,1.815
391.34,225.55,1.816
393.08,225.55,1.819
389.59,225.55,1.821
391.34,225.55,1.822
389.59,225.55,1.824
393.08,226.32,1.825
389.59,224.79,1.827
387.85,225.55,1.828
391.34,225.55,1.83
389.59,225.55,1.832
387.85,224.79,1.833
387.85,225.55,1.835
389.59,224.79,1.836
389.59,225.55,1.838
387.85,224.79,1.839
389.59,225.55,1.841
391.34,224.79,1.843
389.59,224.79,1.844
389.59,225.55,1.846
394.83,224.79,1.847
386.11,225.55,1.849
387.85,225.55,1.85
387.85,225.55,1.852
391.34,224.79,1.854
389.59,224.79,1.855
387.85,224.79,1.857
386.11,224.79,1.858
387.85,224.79,1.86
387.85,224.79,1.863
387.85,224.79,1.864
389.59,224.79,1.866
386.11,224.79,1.867
387.85,224.79,1.869
386.11,224.79,1.87
380.87,225.55,1.872
387.85,224.79,1.874
389.59,224.79,1.875
386.11,224.79,1.877
387.85,224.79,1.878
394.83,224.79,1.88
387.85,224.79,1.881
387.85,224.79,1.883
387.85,224.02,1.885
382.62,224.79,1.886
387.85,224.79,1.888
391.34,224.02,1.889
387.85,224.79,1.891
384.36,224.79,1.892
386.11,224.79,1.894
387.85,224.79,1.896
387.85,224.02,1.897
389.59,224.02,1.899
387.85,224.79,1.9
389.59,224.02,1.902
387.85,224.79,1.905
387.85,224.02,1.906
384.36,224.79,1.908
386.11,224.02,1.909
387.85,224.02,1.911
386.11,224.02,1.912
387.85,224.02,1.914
389.59,224.02,1.916
386.11,224.02,1.917
387.85,224.02,1.919
386.11,224.02,1.92
386.11,224.02,1.922
386.11,224.02,1.923
389.59,224.02,1.925
380.87,224.02,1.927
387.85,224.02,1.928
384.36,224.02,1.93
382.62,224.02,1.931
387.85,224.02,1.933
386.11,224.02,1.934
384.36,224.02,1.936
387.85,224.02,1.938
386.11,224.02,1.939
387.85,223.26,1.941
386.11,224.02,1.942
387.85,223.26,1.944
386.11,224.02,1.947
386.11,224.02,1.948
387.85,223.26,1.95
396.57,224.02,1.951
387.85,223.26,1.953
387.85,223.26,1.954
386.11,224.02,1.956
386.11,224.02,1.958
386.11,223.26,1.959
377.38,223.26,1.961
386.11,223.26,1.962
386.11,223.26,1.964
386.11,223.26,1.965
391.34,223.26,1.967
386.11,223.26,1.969
380.87,224.02,1.97
386.11,223.26,1.972
384.36,224.02,1.973
384.36,223.26,1.975
396.57,223.26,1.976
391.34,223.26,1.978
386.11,223.26,1.98
382.62,223.26,1.981
386.11,223.26,1.983
386.11,223.26,1.984
384.36,223.26,1.986
386.11,223.26,1.988
386.11,223.26,1.99
389.59,223.26,1.992
386.11,223.26,1.993
387.85,223.26,1.995
389.59,222.49,1.996
384.36,223.26,1.998
382.62,223.26,2
386.11,223.26,2.001
384.36,223.26,2.003
386.11,223.26,2.004
387.85,222.49,2.006
389.59,223.26,2.007
387.85,222.49,2.009
389.59,223.26,2.011
386.11,223.26,2.012
393.08,229.38,2.014
405.29,234.74,2.015
419.25,237.8,2.017
429.72,243.92,2.018
441.93,248.52,2.02
450.65,253.11,2.022
457.63,258.47,2.023
469.84,262.29,2.025
483.79,267.65,2.026
492.51,271.48,2.028
504.73,275.3,2.03
515.19,280.66,2.032
523.91,282.19,2.034
518.68,282.96,2.035
525.66,282.96,2.037
522.17,280.66,2.038
515.19,279.9,2.04
511.7,278.37,2.042
511.7,276.07,2.043
508.21,275.3,2.045
506.47,275.3,2.046
506.47,276.07,2.048
509.96,276.84,2.049
513.45,277.6,2.051
515.19,279.13,2.053
515.19,279.13,2.054
515.19,279.9,2.056
511.7,279.13,2.057
515.19,278.37,2.059
516.94,278.37,2.061
509.96,276.84,2.062
508.21,276.07,2.064
506.47,276.07,2.065
497.75,275.3,2.067
508.21,276.07,2.068
508.21,276.84,2.07
508.21,277.6,2.072
509.96,277.6,2.073
509.96,278.37,2.076
511.7,277.6,2.077
509.96,277.6,2.079
509.96,277.6,2.08
502.98,276.84,2.082
515.19,276.07,2.084
506.47,275.3,2.085
506.47,275.3,2.087
504.73,275.3,2.088
506.47,275.3,2.09
504.73,276.07,2.091
513.45,276.07,2.093
506.47,276.84,2.095
504.73,276.84,2.096
508.21,276.84,2.098
508.21,276.84,2.099
501.24,276.07,2.101
506.47,276.07,2.103
506.47,276.07,2.104
501.24,275.3,2.106
502.98,275.3,2.107
501.24,275.3,2.109
504.73,275.3,2.11
504.73,275.3,2.112
509.96,276.07,2.114
504.73,276.07,2.115
506.47,276.07,2.118
506.47,276.07,2.119
506.47,276.07,2.121
506.47,275.3,2.122
506.47,275.3,2.124
506.47,275.3,2.126
502.98,275.3,2.127
501.24,274.54,2.129
501.24,275.3,2.13
499.49,274.54,2.132
497.75,275.3,2.133
504.73,275.3,2.135
504.73,274.54,2.137
502.98,274.54,2.138
501.24,275.3,2.14
501.24,275.3,2.141
506.47,274.54,2.143
502.98,274.54,2.145
501.24,274.54,2.146
502.98,274.54,2.148
504.73,274.54,2.149
502.98,274.54,2.151
502.98,274.54,2.152
502.98,274.54,2.154
502.98,274.54,2.156
504.73,274.54,2.157
504.73,274.54,2.16
502.98,274.54,2.161
501.24,274.54,2.163
501.24,274.54,2.164
504.73,274.54,2.166
501.24,273.77,2.168
501.24,273.77,2.169
501.24,273.77,2.171
501.24,273.77,2.172
501.24,273.77,2.174
501.24,273.77,2.175
499.49,273.77,2.177
501.24,273.77,2.179
501.24,273.77,2.18
501.24,273.77,2.182
502.98,273.77,2.183
501.24,273.77,2.185
501.24,273.77,2.187
501.24,273.77,2.188
501.24,273.01,2.19
499.49,273.77,2.191
499.49,273.01,2.193
501.24,273.77,2.194
501.24,273.77,2.196
502.98,273.01,2.198
501.24,273.01,2.199
501.24,273.77,2.201
499.49,273.01,2.203
501.24,273.77,2.205
499.49,273.77,2.206
501.24,273.01,2.208
501.24,273.01,2.21
501.24,273.77,2.211
506.47,273.01,2.213
501.24,273.01,2.214
501.24,273.01,2.216
501.24,273.01,2.217
497.75,273.01,2.219
497.75,273.01,2.221
499.49,273.01,2.222
499.49,273.01,2.224
501.24,273.77,2.225
501.24,273.01,2.227
499.49,273.01,2.229
499.49,273.01,2.23
499.49,273.01,2.232
497.75,273.01,2.233
497.75,272.24,2.235
499.49,273.01,2.236
499.49,273.01,2.238
499.49,272.24,2.24
497.75,272.24,2.241
499.49,272.24,2.243
499.49,272.24,2.244
497.75,272.24,2.247
499.49,272.24,2.248
499.49,272.24,2.25
501.24,272.24,2.252
501.24,272.24,2.253
494.26,272.24,2.255
499.49,272.24,2.256
497.75,272.24,2.258
497.75,272.24,2.259
499.49,272.24,2.261
497.75,272.24,2.263
499.49,272.24,2.264
494.26,272.24,2.266
499.49,272.24,2.267
497.75,272.24,2.269
497.75,272.24,2.271
494.26,271.48,2.272
492.51,272.24,2.274
496,271.48,2.275
499.49,272.24,2.277
497.75,271.48,2.278
497.75,272.24,2.28
496,272.24,2.282
497.75,272.24,2.283
497.75,271.48,2.285
497.75,271.48,2.286
497.75,272.24,2.289
497.75,272.24,2.29
499.49,271.48,2.292
497.75,271.48,2.294
497.75,271.48,2.295
496,270.71,2.297
497.75,271.48,2.298
497.75,271.48,2.3
499.49,271.48,2.302
497.75,271.48,2.303
497.75,272.24,2.305
497.75,271.48,2.306
502.98,271.48,2.308
497.75,271.48,2.309
497.75,271.48,2.311
496,271.48,2.313
497.75,271.48,2.314
496,271.48,2.316
499.49,271.48,2.317
496,271.48,2.319
497.75,271.48,2.32
497.75,271.48,2.322
496,271.48,2.324
496,271.48,2.325
496,270.71,2.327
489.03,270.71,2.328
497.75,271.48,2.331
496,271.48,2.332
496,270.71,2.334
494.26,270.71,2.336
494.26,270.71,2.337
496,270.71,2.339
494.26,270.71,2.34
494.26,271.48,2.342
496,270.71,2.344
494.26,270.71,2.345
496,270.71,2.347
501.24,270.71,2.348
494.26,270.71,2.35
494.26,270.71,2.351
496,270.71,2.353
496,270.71,2.355
494.26,270.71,2.356
494.26,270.71,2.358
496,270.71,2.359
497.75,270.71,2.361
496,270.71,2.362
492.51,270.71,2.364
494.26,270.71,2.366
494.26,270.71,2.367
494.26,270.71,2.369
496,270.71,2.37
494.26,270.71,2.372
494.26,270.71,2.374
494.26,270.71,2.376
489.03,270.71,2.378
497.75,270.71,2.379
494.26,270.71,2.381
496,270.71,2.382
494.26,269.95,2.384
494.26,270.71,2.386
494.26,269.95,2.387
499.49,269.95,2.389
492.51,270.71,2.39
494.26,270.71,2.392
490.77,269.95,2.393
492.51,269.95,2.395
492.51,269.95,2.397
492.51,269.95,2.398
494.26,269.95,2.4
490.77,269.95,2.401
494.26,269.95,2.403
492.51,269.95,2.404
494.26,269.95,2.406
494.26,269.95,2.408
494.26,269.95,2.409
494.26,269.95,2.411
492.51,269.95,2.412
492.51,269.95,2.414
494.26,269.95,2.416
492.51,269.95,2.418
499.49,269.95,2.42
492.51,269.95,2.421
492.51,269.95,2.423
492.51,269.95,2.424
492.51,269.95,2.426
492.51,269.95,2.428
494.26,269.18,2.429
490.77,269.95,2.431
492.51,269.95,2.432
492.51,269.95,2.434
492.51,269.95,2.435
492.51,269.95,2.437
490.77,269.95,2.439
494.26,269.18,2.44
490.77,269.95,2.442
489.03,269.18,2.443
492.51,269.18,2.445
490.77,269.95,2.446
492.51,269.18,2.448
492.51,269.18,2.45
492.51,269.95,2.451
490.77,269.18,2.453
490.77,269.18,2.454
492.51,269.95,2.456
490.77,269.18,2.457
492.51,269.95,2.46
490.77,269.18,2.462
490.77,269.18,2.463
496,269.18,2.465
492.51,269.18,2.466
492.51,269.18,2.468
494.26,269.18,2.47
490.77,269.18,2.471
492.51,269.18,2.473
492.51,269.18,2.474
489.03,269.18,2.476
489.03,269.18,2.477
489.03,269.18,2.479
490.77,269.18,2.481
490.77,269.18,2.482
490.77,269.18,2.484
489.03,269.18,2.485
490.77,269.18,2.487
496,269.18,2.488
490.77,269.18,2.49
489.03,269.18,2.492
489.03,269.18,2.493
489.03,269.18,2.495
489.03,269.18,2.496
489.03,269.18,2.498
489.03,268.42,2.499
489.03,268.42,2.502
494.26,269.18,2.504
492.51,269.18,2.505
496,268.42,2.507
494.26,268.42,2.508
494.26,269.18,2.51
502.98,269.18,2.512
490.77,269.18,2.513
487.28,268.42,2.515
502.98,276.07,2.516
513.45,280.66,2.518
525.66,283.72,2.519
534.38,290.61,2.521
550.08,295.2,2.523
557.06,299.03,2.524
567.52,304.39,2.526
577.99,308.22,2.527
586.71,312.04,2.529
597.18,316.64,2.53
605.9,319.7,2.532
618.11,320.46,2.534
609.39,318.93,2.535
607.64,318.93,2.537
604.16,316.64,2.538
598.92,315.11,2.54
588.46,313.57,2.541
586.71,312.04,2.544
590.2,312.04,2.546
590.2,312.81,2.547
595.43,313.57,2.549
597.18,314.34,2.55
598.92,315.87,2.552
600.67,316.64,2.554
600.67,316.64,2.555
600.67,316.64,2.557
600.67,315.87,2.558
597.18,315.11,2.56
595.43,313.57,2.561
593.69,313.57,2.563
593.69,312.81,2.565
591.95,312.81,2.566
593.69,313.57,2.568
591.95,313.57,2.569
593.69,314.34,2.571
595.43,315.11,2.572
597.18,315.11,2.574
598.92,315.11,2.576
598.92,315.11,2.577
595.43,314.34,2.579
591.95,313.57,2.58
591.95,312.81,2.582
591.95,312.81,2.584
591.95,312.04,2.585
591.95,312.81,2.588
590.2,312.81,2.589
593.69,312.81,2.591
595.43,313.57,2.592
593.69,313.57,2.594
595.43,314.34,2.596
595.43,314.34,2.597
595.43,313.57,2.599
593.69,313.57,2.6
593.69,313.57,2.602
593.69,312.81,2.603
591.95,312.81,2.605
591.95,312.04,2.607
591.95,312.04,2.608
588.46,312.81,2.61
591.95,312.81,2.611
593.69,312.81,2.613
593.69,312.81,2.614
593.69,313.57,2.616
593.69,313.57,2.618
591.95,312.81,2.619
593.69,312.81,2.621
591.95,312.04,2.622
590.2,312.04,2.624
590.2,312.04,2.626
598.92,312.04,2.627
593.69,312.04,2.63
590.2,312.04,2.631
590.2,312.04,2.633
591.95,312.81,2.634
590.2,312.04,2.636
591.95,312.81,2.638
590.2,312.81,2.639
591.95,312.04,2.641
590.2,312.04,2.642
591.95,311.28,2.644
588.46,312.04,2.645
588.46,311.28,2.647
590.2,311.28,2.649
590.2,312.04,2.65
590.2,311.28,2.652
588.46,312.04,2.653
588.46,312.04,2.655
588.46,311.28,2.656
591.95,312.04,2.658
590.2,312.04,2.66
591.95,312.04,2.661
590.2,311.28,2.663
588.46,311.28,2.664
590.2,311.28,2.666
590.2,311.28,2.668
588.46,311.28,2.669
590.2,311.28,2.672
588.46,311.28,2.673
591.95,311.28,2.675
588.46,311.28,2.676
588.46,311.28,2.678
588.46,311.28,2.68
588.46,311.28,2.681
586.71,311.28,2.683
588.46,311.28,2.684
597.18,311.28,2.686
588.46,310.51,2.687
584.97,310.51,2.689
586.71,311.28,2.691
588.46,310.51,2.692
586.71,310.51,2.694
586.71,310.51,2.695
586.71,311.28,2.697
586.71,310.51,2.698
588.46,311.28,2.7
581.48,310.51,2.702
588.46,310.51,2.703
586.71,310.51,2.705
586.71,310.51,2.706
588.46,310.51,2.708
586.71,310.51,2.71
588.46,310.51,2.711
586.71,310.51,2.713
583.22,310.51,2.715
586.71,310.51,2.717
586.71,310.51,2.718
586.71,310.51,2.72
588.46,310.51,2.722
584.97,310.51,2.723
584.97,310.51,2.725
584.97,310.51,2.726
584.97,310.51,2.728
584.97,309.75,2.729
584.97,310.51,2.731
584.97,309.75,2.733
584.97,309.75,2.734
584.97,310.51,2.736
591.95,309.75,2.737
579.73,309.75,2.739
590.2,310.51,2.74
583.22,310.51,2.742
584.97,309.75,2.744
584.97,309.75,2.745
590.2,309.75,2.747
584.97,309.75,2.748
584.97,309.75,2.75
588.46,309.75,2.752
584.97,309.75,2.753
584.97,309.75,2.755
584.97,309.75,2.756
586.71,309.75,2.759
584.97,309.75,2.76
590.2,309.75,2.762
581.48,309.75,2.764
584.97,309.75,2.765
584.97,309.75,2.767
581.48,309.75,2.768
584.97,309.75,2.77
584.97,309.75,2.771
584.97,309.75,2.773
583.22,309.75,2.775
583.22,309.75,2.776
584.97,309.75,2.778
584.97,308.98,2.779
584.97,308.98,2.781
581.48,308.98,2.782
591.95,308.98,2.784
590.2,309.75,2.786
574.5,309.75,2.787
583.22,308.98,2.789
584.97,308.98,2.79
583.22,308.98,2.792
588.46,308.98,2.794
584.97,308.98,2.795
584.97,308.98,2.797
583.22,308.98,2.798
577.99,308.98,2.801
583.22,308.98,2.802
579.73,308.98,2.804
583.22,309.75,2.806
583.22,308.98,2.807
581.48,308.98,2.809
581.48,308.98,2.81
583.22,308.98,2.812
583.22,308.22,2.813
583.22,308.98,2.815
583.22,308.98,2.817
591.95,308.98,2.818
584.97,308.22,2.82
581.48,308.22,2.821
577.99,308.98,2.823
581.48,308.22,2.824
581.48,308.98,2.826
583.22,308.22,2.828
584.97,308.22,2.829
577.99,308.22,2.831
581.48,308.98,2.832
584.97,308.98,2.834
583.22,308.98,2.836
581.48,308.22,2.837
581.48,308.22,2.839
581.48,308.22,2.84
581.48,308.22,2.843
581.48,308.22,2.844
586.71,308.98,2.846
590.2,308.22,2.848
581.48,308.22,2.849
577.99,308.22,2.851
583.22,308.22,2.852
581.48,308.22,2.854
583.22,308.22,2.855
579.73,308.22,2.857
583.22,308.22,2.859
581.48,308.22,2.86
579.73,308.22,2.862
581.48,308.22,2.863
581.48,308.22,2.865
584.97,308.22,2.867
583.22,308.22,2.868
586.71,308.22,2.87
581.48,308.22,2.871
579.73,308.22,2.873
577.99,308.22,2.874
579.73,308.22,2.876
579.73,308.22,2.878
576.25,308.22,2.879
579.73,308.22,2.881
577.99,308.22,2.882
586.71,307.45,2.884
579.73,308.22,2.886
583.22,307.45,2.888
579.73,307.45,2.89
577.99,307.45,2.891
581.48,307.45,2.893
579.73,307.45,2.894
579.73,307.45,2.896
588.46,307.45,2.897
581.48,307.45,2.899
579.73,307.45,2.901
579.73,307.45,2.902
581.48,307.45,2.904
581.48,307.45,2.905
579.73,307.45,2.907
581.48,307.45,2.909
579.73,307.45,2.91
581.48,307.45,2.912
577.99,307.45,2.913
576.25,307.45,2.915
574.5,307.45,2.916
579.73,307.45,2.918
579.73,307.45,2.92
577.99,307.45,2.921
577.99,307.45,2.923
579.73,307.45,2.924
581.48,307.45,2.926
581.48,307.45,2.928
577.99,307.45,2.93
577.99,307.45,2.932
579.73,307.45,2.933
571.01,307.45,2.935
579.73,307.45,2.936
577.99,307.45,2.938
586.71,306.69,2.939
581.48,306.69,2.941
577.99,307.45,2.943
577.99,307.45,2.944
579.73,307.45,2.946
577.99,307.45,2.947
577.99,306.69,2.949
579.73,307.45,2.951
579.73,306.69,2.952
583.22,307.45,2.954
577.99,306.69,2.955
577.99,306.69,2.957
579.73,307.45,2.958
579.73,306.69,2.96
574.5,306.69,2.962
576.25,306.69,2.963
572.76,305.92,2.965
577.99,306.69,2.966
579.73,306.69,2.968
581.48,306.69,2.969
577.99,306.69,2.972
577.99,306.69,2.974
576.25,306.69,2.975
577.99,306.69,2.977
576.25,306.69,2.978
577.99,306.69,2.98
576.25,306.69,2.981
574.5,306.69,2.983
577.99,306.69,2.985
581.48,306.69,2.986
577.99,306.69,2.988
576.25,306.69,2.989
577.99,306.69,2.991
577.99,306.69,2.993
577.99,306.69,2.994
576.25,306.69,2.996
577.99,306.69,2.997
577.99,306.69,2.999
577.99,306.69,3
581.48,306.69,3.002
581.48,306.69,3.004
581.48,305.92,3.005
583.22,305.92,3.007
577.99,306.69,3.008
581.48,306.69,3.01
579.73,306.69,3.011
576.25,305.92,3.014
591.95,313.57,3.016
598.92,318.93,3.017
612.88,321.23,3.019
621.6,327.35,3.02
633.81,332.71,3.022
646.02,335.77,3.023
653,340.36,3.025
663.47,344.19,3.027
673.93,348.02,3.028
682.65,352.61,3.03
694.86,355.67,3.031
701.84,359.5,3.033
696.61,359.5,3.035
703.59,360.26,3.036
700.1,358.73,3.038
694.86,355.67,3.039
691.38,354.91,3.041
686.14,352.61,3.042
682.65,351.08,3.044
682.65,351.08,3.046
684.4,351.08,3.047
686.14,352.61,3.049
689.63,354.14,3.05
694.86,355.67,3.052
693.12,356.44,3.053
693.12,356.44,3.056
693.12,355.67,3.058
693.12,355.67,3.059
691.38,354.14,3.061
680.91,353.38,3.062
684.4,352.61,3.064
682.65,351.84,3.065
677.42,351.84,3.067
689.63,352.61,3.069
687.89,353.38,3.07
687.89,353.38,3.072
686.14,354.14,3.073
691.38,354.91,3.075
689.63,354.91,3.077
691.38,354.14,3.078
689.63,353.38,3.08
686.14,353.38,3.081
684.4,352.61,3.083
684.4,351.84,3.084
687.89,351.84,3.086
684.4,351.84,3.088
684.4,352.61,3.089
686.14,352.61,3.091
693.12,352.61,3.092
682.65,353.38,3.094
686.14,353.38,3.095
687.89,353.38,3.097
687.89,353.38,3.1
687.89,352.61,3.101
682.65,352.61,3.103
684.4,351.84,3.104
684.4,351.84,3.106
686.14,351.84,3.107
682.65,351.08,3.109
684.4,351.08,3.111
686.14,351.84,3.112
684.4,351.84,3.114
684.4,352.61,3.115
677.42,352.61,3.117
687.89,351.84,3.119
686.14,351.84,3.12
684.4,351.84,3.122
686.14,351.84,3.123
684.4,351.84,3.125
684.4,351.08,3.126
682.65,351.08,3.128
680.91,351.08,3.13
682.65,351.08,3.131
686.14,351.84,3.133
682.65,351.84,3.134
684.4,351.84,3.136
687.89,351.84,3.137
686.14,351.84,3.139
684.4,351.08,3.142
684.4,351.08,3.143
684.4,351.08,3.145
686.14,351.08,3.146
682.65,351.08,3.148
680.91,350.31,3.15
682.65,350.31,3.151
679.17,351.08,3.153
682.65,351.08,3.154
682.65,351.08,3.156
680.91,351.08,3.157
682.65,351.08,3.159
680.91,351.08,3.161
682.65,351.08,3.162
682.65,351.08,3.164
679.17,351.08,3.165
680.91,350.31,3.167
680.91,350.31,3.168
679.17,350.31,3.17
680.91,350.31,3.172
680.91,350.31,3.173
680.91,350.31,3.175
682.65,350.31,3.176
682.65,350.31,3.178
682.65,350.31,3.179
686.14,350.31,3.181
680.91,350.31,3.184
680.91,350.31,3.185
684.4,350.31,3.187
680.91,350.31,3.188
677.42,350.31,3.19
680.91,350.31,3.192
679.17,349.55,3.193
679.17,350.31,3.195
679.17,349.55,3.196
677.42,350.31,3.198
682.65,350.31,3.199
679.17,350.31,3.201
672.19,350.31,3.203
679.17,350.31,3.204
675.68,350.31,3.206
675.68,349.55,3.207
679.17,349.55,3.209
682.65,350.31,3.21
680.91,349.55,3.212
679.17,349.55,3.214
679.17,349.55,3.215
677.42,349.55,3.217
677.42,349.55,3.218
679.17,349.55,3.22
679.17,349.55,3.221
677.42,349.55,3.223
679.17,349.55,3.225
679.17,349.55,3.227
686.14,349.55,3.229
677.42,349.55,3.23
682.65,349.55,3.232
679.17,348.78,3.234
679.17,348.78,3.235
677.42,348.78,3.237
677.42,349.55,3.238
675.68,348.78,3.24
679.17,349.55,3.241
677.42,349.55,3.243
686.14,348.78,3.245
677.42,348.78,3.246
675.68,348.78,3.248
677.42,348.78,3.249
682.65,349.55,3.251
677.42,348.78,3.252
677.42,348.78,3.254
679.17,348.78,3.256
677.42,348.78,3.257
677.42,348.78,3.259
668.7,348.78,3.26
677.42,348.78,3.262
672.19,348.78,3.263
677.42,348.78,3.265
677.42,348.78,3.267
677.42,348.78,3.268
675.68,348.78,3.271
675.68,348.78,3.272
677.42,348.02,3.274
677.42,348.78,3.276
675.68,348.78,3.277
675.68,348.78,3.279
675.68,348.78,3.28
677.42,348.78,3.282
673.93,348.02,3.283
675.68,348.02,3.285
675.68,348.02,3.287
673.93,348.78,3.288
677.42,348.02,3.29
682.65,348.02,3.291
675.68,348.02,3.293
675.68,348.02,3.294
675.68,348.78,3.296
679.17,348.02,3.298
673.93,348.78,3.299
677.42,348.02,3.301
675.68,348.02,3.302
675.68,348.02,3.304
675.68,348.02,3.305
675.68,348.02,3.307
675.68,348.02,3.309
675.68,348.02,3.31
670.44,348.02,3.313
675.68,348.02,3.314
675.68,348.02,3.316
675.68,348.02,3.318
673.93,348.02,3.319
673.93,348.02,3.321
682.65,348.02,3.322
675.68,348.02,3.324
673.93,348.02,3.325
682.65,348.02,3.327
673.93,347.25,3.329
673.93,348.02,3.33
672.19,348.02,3.332
673.93,348.02,3.333
675.68,347.25,3.335
673.93,348.02,3.336
675.68,348.02,3.338
675.68,347.25,3.34
673.93,347.25,3.341
672.19,347.25,3.343
675.68,347.25,3.344
673.93,347.25,3.346
673.93,347.25,3.347
673.93,347.25,3.349
673.93,348.02,3.351
673.93,347.25,3.352
670.44,347.25,3.355
672.19,347.25,3.356
670.44,347.25,3.358
673.93,347.25,3.36
679.17,347.25,3.361
666.95,347.25,3.363
670.44,347.25,3.364
673.93,347.25,3.366
673.93,347.25,3.367
673.93,347.25,3.369
675.68,346.49,3.371
680.91,347.25,3.372
675.68,347.25,3.374
673.93,347.25,3.375
673.93,347.25,3.377
672.19,347.25,3.378
675.68,346.49,3.38
673.93,347.25,3.382
672.19,347.25,3.383
673.93,346.49,3.385
673.93,346.49,3.386
672.19,346.49,3.388
672.19,347.25,3.389
672.19,346.49,3.391
672.19,346.49,3.393
672.19,346.49,3.394
675.68,346.49,3.396
672.19,347.25,3.398
672.19,346.49,3.4
672.19,346.49,3.402
677.42,346.49,3.403
675.68,346.49,3.405
670.44,346.49,3.406
672.19,346.49,3.408
672.19,345.72,3.409
672.19,346.49,3.411
670.44,346.49,3.413
672.19,346.49,3.414
670.44,346.49,3.416
665.21,346.49,3.417
666.95,346.49,3.419
672.19,346.49,3.42
672.19,346.49,3.422
670.44,346.49,3.424
672.19,346.49,3.425
672.19,345.72,3.427
672.19,346.49,3.428
672.19,346.49,3.43
670.44,346.49,3.432
672.19,346.49,3.433
672.19,346.49,3.435
668.7,346.49,3.436
670.44,346.49,3.438
668.7,345.72,3.44
672.19,346.49,3.442
670.44,346.49,3.444
670.44,345.72,3.445
673.93,345.72,3.447
672.19,346.49,3.448
672.19,345.72,3.45
670.44,345.72,3.451
672.19,345.72,3.453
679.17,345.72,3.455
670.44,346.49,3.456
673.93,346.49,3.458
672.19,345.72,3.459
672.19,345.72,3.461
672.19,346.49,3.462
673.93,345.72,3.464
670.44,345.72,3.466
670.44,346.49,3.467
672.19,345.72,3.469
670.44,345.72,3.47
672.19,345.72,3.472
670.44,345.72,3.474
672.19,345.72,3.475
670.44,345.72,3.477
668.7,345.72,3.478
668.7,345.72,3.48
666.95,345.72,3.481
668.7,345.72,3.484
670.44,345.72,3.486
672.19,344.96,3.487
665.21,345.72,3.489
668.7,344.96,3.49
670.44,345.72,3.492
668.7,345.72,3.493
668.7,345.72,3.495
677.42,345.72,3.497
666.95,345.72,3.498
675.68,345.72,3.5
672.19,345.72,3.501
673.93,344.96,3.503
675.68,344.96,3.504
673.93,345.72,3.506
673.93,345.72,3.508
673.93,345.72,3.509
682.65,345.72,3.511
672.19,345.72,3.512
689.63,352.61,3.514
691.38,357.2,3.516
703.59,360.26,3.517
714.05,365.62,3.519
726.26,370.21,3.52
734.99,374.04,3.522
743.71,378.63,3.523
752.43,380.93,3.526
759.41,385.52,3.528
778.6,389.35,3.529
773.36,392.41,3.531
783.83,396.24,3.532
787.32,395.47,3.534
785.57,394.71,3.535
780.34,393.94,3.537
778.6,390.88,3.539
775.11,390.11,3.54
769.87,387.82,3.542
764.64,387.05,3.543
766.39,387.05,3.545
769.87,387.82,3.546
771.62,388.58,3.548
775.11,390.11,3.55
775.11,391.65,3.551
776.85,392.41,3.553
778.6,391.65,3.554
783.83,391.65,3.556
775.11,390.88,3.558
773.36,389.35,3.559
769.87,388.58,3.561
768.13,387.82,3.562
766.39,387.05,3.564
768.13,387.82,3.565
768.13,387.82,3.568
769.87,388.58,3.57
769.87,389.35,3.571
771.62,390.11,3.573
780.34,390.88,3.574
775.11,390.11,3.576
773.36,390.11,3.577
773.36,389.35,3.579
769.87,388.58,3.581
768.13,387.82,3.582
766.39,387.05,3.584
768.13,387.05,3.585
766.39,387.05,3.587
768.13,387.82,3.588
761.15,387.82,3.59
769.87,388.58,3.592
776.85,389.35,3.593
773.36,389.35,3.595
769.87,389.35,3.596
768.13,388.58,3.598
769.87,388.58,3.6
766.39,387.82,3.601
766.39,387.05,3.603
766.39,387.05,3.604
766.39,387.05,3.606
766.39,387.05,3.607
769.87,387.05,3.609
768.13,387.82,3.612
768.13,387.82,3.613
768.13,387.82,3.615
769.87,388.58,3.616
769.87,387.82,3.618
764.64,387.82,3.619
764.64,387.82,3.621
766.39,387.05,3.623
766.39,387.05,3.624
766.39,386.29,3.626
761.15,387.05,3.627
764.64,386.29,3.629
766.39,387.05,3.63
766.39,387.05,3.632
766.39,387.05,3.634
773.36,387.05,3.635
766.39,387.05,3.637
766.39,387.82,3.638
766.39,387.05,3.64
762.9,387.05,3.642
762.9,387.05,3.643
764.64,386.29,3.645
764.64,386.29,3.646
773.36,386.29,3.648
764.64,386.29,3.649
766.39,386.29,3.651
764.64,386.29,3.654
764.64,387.05,3.655
762.9,387.05,3.657
764.64,387.05,3.658
764.64,386.29,3.66
764.64,386.29,3.661
768.13,386.29,3.663
762.9,386.29,3.665
766.39,386.29,3.666
764.64,386.29,3.668
761.15,386.29,3.669
764.64,386.29,3.671
761.15,386.29,3.672
764.64,386.29,3.674
764.64,386.29,3.676
764.64,386.29,3.677
762.9,386.29,3.679
762.9,386.29,3.68
762.9,386.29,3.682
762.9,386.29,3.684
768.13,385.52,3.685
764.64,385.52,3.687
761.15,385.52,3.688
769.87,385.52,3.69
766.39,385.52,3.691
762.9,385.52,3.693
766.39,385.52,3.696
764.64,385.52,3.697
762.9,385.52,3.699
766.39,385.52,3.7
762.9,385.52,3.702
761.15,385.52,3.703
762.9,385.52,3.705
761.15,385.52,3.707
762.9,385.52,3.708
755.92,385.52,3.71
761.15,385.52,3.711
762.9,384.76,3.713
759.41,385.52,3.715
764.64,385.52,3.716
762.9,385.52,3.718
762.9,385.52,3.719
761.15,384.76,3.721
769.87,385.52,3.722
762.9,384.76,3.724
762.9,384.76,3.726
762.9,384.76,3.727
761.15,384.76,3.729
768.13,384.76,3.73
759.41,384.76,3.732
766.39,384.76,3.733
759.41,384.76,3.735
761.15,384.76,3.737
759.41,384.76,3.739
759.41,384.76,3.741
762.9,384.76,3.742
761.15,384.76,3.744
761.15,384.76,3.745
761.15,384.76,3.747
761.15,384.76,3.749
761.15,384.76,3.75
759.41,384.76,3.752
754.17,384.76,3.753
759.41,384.76,3.755
759.41,384.76,3.757
759.41,384.76,3.758
761.15,383.99,3.76
761.15,384.76,3.761
762.9,384.76,3.763
759.41,383.99,3.764
762.9,384.76,3.766
759.41,383.99,3.768
759.41,383.99,3.769
761.15,383.99,3.771
762.9,383.99,3.772
761.15,383.99,3.774
762.9,383.99,3.775
759.41,383.99,3.777
761.15,383.99,3.779
759.41,384.76,3.78
761.15,384.76,3.783
759.41,383.99,3.784
759.41,383.99,3.786
759.41,383.99,3.787
759.41,383.99,3.789
759.41,383.99,3.791
764.64,383.99,3.792
750.69,383.99,3.794
761.15,383.99,3.795
759.41,383.99,3.797
759.41,383.99,3.799
752.43,383.99,3.8
759.41,383.99,3.802
755.92,383.99,3.803
764.64,383.99,3.805
761.15,383.99,3.806
762.9,383.99,3.808
759.41,383.99,3.81
757.66,383.23,3.811
759.41,383.23,3.813
759.41,383.99,3.814
759.41,383.99,3.816
757.66,383.23,3.817
757.66,383.23,3.819
755.92,383.23,3.821
757.66,383.99,3.822
755.92,383.99,3.825
757.66,383.23,3.826
759.41,383.99,3.828
755.92,383.23,3.829
757.66,383.23,3.831
759.41,383.23,3.833
757.66,383.23,3.834
757.66,383.23,3.836
757.66,383.23,3.837
762.9,383.23,3.839
755.92,383.23,3.841
757.66,383.23,3.842
762.9,383.23,3.844
757.66,383.23,3.845
757.66,383.23,3.847
755.92,383.23,3.848
755.92,383.23,3.85
755.92,383.23,3.852
755.92,383.23,3.853
755.92,383.23,3.855
755.92,383.23,3.856
759.41,383.23,3.858
755.92,383.23,3.859
762.9,383.23,3.861
757.66,383.23,3.863
757.66,382.46,3.864
754.17,382.46,3.867
759.41,383.23,3.868
757.66,383.23,3.87
757.66,382.46,3.871
757.66,382.46,3.873
754.17,383.23,3.875
757.66,383.23,3.876
761.15,382.46,3.878
755.92,382.46,3.879
755.92,382.46,3.881
755.92,382.46,3.883
752.43,382.46,3.884
755.92,382.46,3.886
755.92,382.46,3.887
757.66,382.46,3.889
755.92,382.46,3.89
755.92,382.46,3.892
752.43,382.46,3.894
755.92,382.46,3.895
757.66,382.46,3.897
754.17,382.46,3.898
755.92,382.46,3.9
755.92,382.46,3.901
752.43,382.46,3.903
757.66,382.46,3.905
755.92,382.46,3.906
750.69,382.46,3.908
755.92,382.46,3.91
755.92,382.46,3.912
757.66,381.7,3.913
755.92,381.7,3.915
754.17,382.46,3.917
755.92,382.46,3.918
754.17,382.46,3.92
759.41,382.46,3.921
755.92,381.7,3.923
755.92,382.46,3.925
754.17,382.46,3.926
755.92,382.46,3.928
754.17,381.7,3.929
747.2,382.46,3.931
754.17,382.46,3.932
754.17,381.7,3.934
754.17,381.7,3.936
754.17,382.46,3.937
754.17,381.7,3.939
755.92,382.46,3.94
754.17,382.46,3.942
754.17,381.7,3.943
754.17,381.7,3.945
755.92,381.7,3.947
752.43,381.7,3.948
754.17,381.7,3.95
755.92,381.7,3.952
755.92,381.7,3.954
755.92,381.7,3.956
754.17,381.7,3.957
754.17,381.7,3.959
752.43,381.7,3.96
754.17,381.7,3.962
754.17,381.7,3.963
752.43,381.7,3.965
754.17,381.7,3.967
752.43,381.7,3.968
743.71,381.7,3.97
754.17,381.7,3.971
752.43,381.7,3.973
755.92,380.93,3.974
752.43,380.93,3.976
754.17,381.7,3.978
754.17,381.7,3.979
754.17,381.7,3.981
752.43,381.7,3.982
754.17,381.7,3.984
750.69,381.7,3.985
750.69,381.7,3.987
752.43,381.7,3.989
752.43,380.93,3.99
752.43,380.93,3.992
750.69,380.93,3.993
752.43,380.93,3.996
755.92,380.93,3.998
750.69,381.7,3.999
750.69,380.93,4.001
759.41,381.7,4.002
759.41,380.93,4.004
759.41,380.93,4.005
759.41,380.93,4.007
759.41,380.93,4.009
759.41,380.93,4.01
762.9,380.93,4.012
754.17,380.93,4.013
762.9,388.58,4.015
771.62,393.18,4.016
780.34,395.47,4.018
790.81,400.83,4.02
811.74,405.42,4.021
813.48,408.48,4.023
820.46,413.08,4.024
829.18,416.14,4.026
841.39,419.2,4.027
846.63,423.03,4.029
853.61,425.32,4.031
860.58,429.15,4.032
860.58,428.38,4.034
860.58,426.85,4.035
855.35,426.09,4.038
851.86,422.26,4.04
846.63,421.5,4.041
841.39,419.2,4.043
839.65,418.43,4.044
841.39,419.97,4.046
843.14,419.97,4.047
843.14,421.5,4.049
848.37,422.26,4.051
850.12,423.79,4.052
853.61,424.56,4.054
851.86,424.56,4.055
850.12,423.79,4.057
846.63,422.26,4.058
846.63,421.5,4.06
843.14,420.73,4.062
843.14,419.97,4.063
839.65,419.2,4.065
846.63,419.97,4.066
841.39,420.73,4.068
848.37,420.73,4.069
844.88,421.5,4.071
846.63,422.26,4.073
848.37,423.03,4.074
843.14,422.26,4.076
844.88,422.26,4.077
851.86,421.5,4.08
843.14,420.73,4.082
841.39,419.97,4.083
841.39,419.97,4.085
843.14,419.2,4.086
841.39,419.97,4.088
837.91,419.97,4.089
839.65,420.73,4.091
843.14,420.73,4.093
844.88,421.5,4.094
839.65,421.5,4.096
844.88,421.5,4.097
843.14,420.73,4.099
844.88,420.73,4.1
843.14,419.97,4.102
839.65,419.2,4.104
839.65,419.2,4.105
841.39,419.2,4.107
836.16,419.97,4.108
841.39,419.97,4.11
839.65,419.97,4.111
841.39,419.97,4.113
843.14,420.73,4.115
843.14,420.73,4.116
843.14,420.73,4.118
836.16,419.97,4.119
841.39,419.97,4.121
839.65,419.2,4.124
834.42,419.2,4.125
841.39,419.2,4.127
841.39,419.2,4.128
839.65,419.2,4.13
837.91,419.2,4.131
841.39,419.97,4.133
841.39,419.97,4.135
841.39,419.97,4.136
841.39,419.97,4.138
839.65,419.97,4.139
841.39,419.2,4.141
837.91,419.2,4.142
839.65,419.2,4.144
839.65,419.2,4.146
839.65,419.2,4.147
837.91,419.2,4.149
839.65,419.2,4.15
841.39,419.2,4.152
841.39,419.2,4.153
837.91,419.2,4.155
839.65,419.2,4.157
839.65,419.2,4.158
837.91,419.2,4.16
841.39,419.2,4.161
841.39,419.2,4.163
841.39,418.43,4.166
836.16,418.43,4.167
837.91,418.43,4.169
836.16,418.43,4.17
839.65,418.43,4.172
837.91,418.43,4.173
837.91,418.43,4.175
839.65,419.2,4.177
834.42,418.43,4.178
839.65,418.43,4.18
837.91,418.43,4.181
837.91,418.43,4.183
836.16,418.43,4.184
837.91,418.43,4.186
836.16,418.43,4.188
829.18,418.43,4.189
837.91,417.67,4.191
839.65,417.67,4.192
836.16,418.43,4.194
837.91,418.43,4.195
837.91,418.43,4.197
836.16,418.43,4.199
839.65,418.43,4.2
839.65,418.43,4.202
836.16,418.43,4.203
837.91,417.67,4.205
836.16,418.43,4.208
836.16,417.67,4.209
836.16,418.43,4.211
837.91,417.67,4.212
836.16,417.67,4.214
837.91,418.43,4.215
837.91,417.67,4.217
837.91,417.67,4.219
836.16,417.67,4.22
834.42,417.67,4.222
834.42,417.67,4.223
834.42,417.67,4.225
832.67,417.67,4.226
836.16,417.67,4.228
836.16,416.9,4.23
836.16,417.67,4.231
839.65,416.9,4.233
834.42,417.67,4.234
834.42,417.67,4.236
834.42,417.67,4.238
834.42,416.9,4.239
836.16,417.67,4.241
834.42,417.67,4.242
834.42,417.67,4.244
837.91,417.67,4.245
834.42,417.67,4.247
832.67,416.9,4.249
832.67,416.9,4.251
832.67,416.9,4.253
837.91,416.9,4.254
834.42,416.9,4.256
832.67,417.67,4.257
834.42,416.9,4.259
832.67,416.9,4.261
836.16,416.9,4.262
834.42,416.9,4.264
832.67,416.9,4.265
834.42,416.9,4.267
834.42,416.9,4.268
834.42,416.9,4.27
830.93,416.9,4.272
832.67,416.9,4.273
834.42,416.9,4.275
832.67,416.9,4.276
834.42,416.14,4.278
832.67,416.9,4.28
839.65,416.9,4.281
834.42,416.9,4.283
829.18,416.9,4.284
834.42,416.9,4.286
832.67,416.14,4.287
832.67,416.14,4.289
832.67,416.14,4.291
832.67,416.14,4.292
832.67,416.14,4.295
832.67,416.9,4.296
829.18,416.14,4.298
830.93,416.14,4.299
834.42,416.9,4.301
832.67,416.14,4.303
830.93,416.14,4.304
830.93,416.14,4.306
836.16,416.14,4.307
832.67,416.14,4.309
837.91,416.14,4.31
832.67,416.14,4.312
827.44,416.14,4.314
834.42,416.14,4.315
830.93,416.14,4.317
837.91,416.14,4.318
832.67,416.14,4.32
832.67,416.14,4.322
834.42,416.14,4.323
832.67,416.14,4.325
830.93,416.14,4.326
834.42,416.9,4.328
832.67,415.37,4.329
827.44,416.14,4.331
829.18,416.14,4.333
829.18,416.14,4.334
829.18,416.14,4.337
832.67,416.14,4.338
829.18,416.14,4.34
830.93,416.14,4.341
830.93,416.14,4.343
830.93,416.14,4.345
829.18,415.37,4.346
839.65,415.37,4.348
829.18,415.37,4.349
830.93,416.14,4.351
830.93,415.37,4.352
832.67,415.37,4.354
830.93,415.37,4.356
830.93,415.37,4.357
830.93,416.14,4.359
830.93,415.37,4.36
830.93,415.37,4.362
830.93,415.37,4.364
829.18,415.37,4.365
829.18,414.61,4.367
827.44,415.37,4.368
827.44,415.37,4.37
829.18,415.37,4.371
825.69,416.14,4.373
832.67,415.37,4.375
830.93,415.37,4.376
825.69,415.37,4.379
827.44,415.37,4.38
827.44,415.37,4.382
829.18,415.37,4.383
829.18,415.37,4.385
830.93,415.37,4.387
834.42,414.61,4.388
830.93,415.37,4.39
829.18,415.37,4.391
829.18,414.61,4.393
825.69,414.61,4.394
836.16,415.37,4.396
829.18,415.37,4.398
823.95,415.37,4.399
825.69,414.61,4.401
827.44,415.37,4.402
829.18,414.61,4.404
829.18,414.61,4.406
829.18,414.61,4.407
829.18,414.61,4.409
825.69,414.61,4.41
829.18,414.61,4.412
830.93,414.61,4.413
829.18,414.61,4.415
829.18,414.61,4.417
827.44,414.61,4.418
825.69,414.61,4.42
832.67,414.61,4.422
830.93,414.61,4.424
827.44,414.61,4.425
829.18,414.61,4.427
827.44,414.61,4.429
827.44,414.61,4.43
827.44,414.61,4.432
827.44,414.61,4.433
825.69,414.61,4.435
827.44,414.61,4.436
830.93,414.61,4.438
825.69,413.84,4.44
827.44,414.61,4.441
827.44,413.84,4.443
825.69,414.61,4.444
823.95,414.61,4.446
827.44,414.61,4.448
829.18,414.61,4.449
823.95,414.61,4.451
825.69,413.84,4.452
825.69,414.61,4.454
836.16,414.61,4.455
827.44,414.61,4.457
829.18,413.84,4.459
825.69,413.84,4.46
829.18,413.84,4.462
829.18,413.84,4.464
823.95,413.84,4.466
827.44,413.84,4.467
823.95,413.84,4.469
825.69,413.84,4.471
827.44,413.84,4.472
827.44,413.84,4.474
827.44,413.84,4.475
825.69,413.84,4.477
827.44,413.84,4.478
827.44,413.84,4.48
825.69,413.84,4.482
829.18,413.84,4.483
825.69,413.84,4.485
827.44,413.84,4.486
827.44,413.84,4.488
827.44,413.84,4.49
830.93,413.84,4.491
827.44,413.84,4.493
825.69,413.84,4.494
830.93,413.84,4.496
825.69,413.84,4.497
825.69,413.84,4.499
822.21,413.84,4.501
832.67,413.84,4.502
832.67,413.84,4.504
830.93,413.84,4.505
832.67,413.08,4.508
834.42,413.08,4.509
832.67,413.84,4.511
827.44,413.84,4.513
825.69,413.84,4.514
837.91,420.73,4.516
848.37,424.56,4.517
858.84,427.62,4.519
867.56,432.98,4.521
881.52,436.04,4.522
883.26,440.63,4.524
891.98,443.69,4.525
895.47,445.99,4.527
907.68,449.82,4.528
912.91,452.88,4.53
916.4,452.88,4.532
914.66,452.88,4.533
911.17,449.05,4.535
905.94,448.29,4.536
900.7,447.52,4.538
898.96,443.69,4.539
895.47,443.69,4.541
893.73,442.93,4.543
905.94,444.46,4.544
900.7,445.99,4.546
904.19,446.75,4.547
905.94,448.29,4.55
914.66,449.05,4.551
907.68,449.05,4.553
916.4,448.29,4.555
905.94,446.75,4.556
900.7,445.99,4.558
897.22,445.22,4.559
897.22,444.46,4.561
898.96,443.69,4.563
895.47,444.46,4.564
897.22,445.22,4.566
897.22,445.22,4.567
900.7,446.75,4.569
900.7,446.75,4.57
900.7,447.52,4.572
905.94,446.75,4.574
902.45,446.75,4.575
900.7,445.99,4.577
900.7,445.22,4.578
898.96,445.22,4.58
897.22,444.46,4.581
895.47,444.46,4.583
897.22,444.46,4.585
898.96,444.46,4.586
900.7,445.22,4.588
900.7,445.22,4.589
898.96,445.99,4.592
897.22,445.99,4.593
907.68,445.99,4.595
900.7,445.99,4.597
904.19,445.22,4.598
897.22,445.22,4.6
891.98,444.46,4.601
895.47,443.69,4.603
897.22,444.46,4.605
893.73,443.69,4.606
893.73,444.46,4.608
897.22,444.46,4.609
902.45,445.22,4.611
897.22,445.22,4.612
898.96,445.22,4.614
897.22,445.22,4.616
895.47,445.22,4.617
897.22,444.46,4.619
897.22,444.46,4.62
895.47,444.46,4.622
898.96,443.69,4.623
897.22,443.69,4.625
895.47,444.46,4.627
895.47,443.69,4.628
895.47,444.46,4.63
895.47,444.46,4.631
897.22,444.46,4.633
898.96,445.22,4.635
897.22,444.46,4.637
898.96,444.46,4.639
895.47,444.46,4.64
891.98,443.69,4.642
891.98,443.69,4.643
893.73,443.69,4.645
893.73,442.93,4.647
890.24,443.69,4.648
893.73,443.69,4.65
895.47,443.69,4.651
895.47,444.46,4.653
897.22,444.46,4.654
895.47,443.69,4.656
893.73,444.46,4.658
895.47,443.69,4.659
897.22,443.69,4.661
897.22,443.69,4.662
902.45,442.93,4.664
898.96,442.93,4.665
895.47,442.93,4.667
895.47,442.93,4.669
897.22,443.69,4.67
895.47,443.69,4.672
891.98,443.69,4.673
897.22,443.69,4.675
900.7,443.69,4.676
890.24,443.69,4.679
895.47,442.93,4.681
893.73,443.69,4.682
893.73,442.93,4.684
891.98,443.69,4.685
897.22,442.93,4.687
893.73,442.93,4.689
893.73,442.93,4.69
900.7,443.69,4.692
893.73,442.93,4.693
893.73,443.69,4.695
895.47,442.93,4.696
891.98,442.93,4.698
893.73,442.93,4.7
895.47,442.93,4.701
895.47,442.93,4.703
893.73,442.93,4.704
893.73,442.93,4.706
890.24,442.93,4.707
891.98,442.93,4.709
895.47,442.93,4.711
895.47,442.93,4.712
891.98,442.93,4.714
891.98,442.93,4.715
893.73,442.93,4.717
888.49,442.93,4.718
893.73,442.16,4.721
893.73,442.93,4.723
895.47,442.93,4.724
888.49,442.93,4.726
893.73,442.93,4.727
891.98,442.16,4.729
891.98,442.16,4.731
893.73,442.16,4.732
891.98,442.16,4.734
893.73,442.16,4.735
895.47,442.16,4.737
891.98,442.16,4.738
891.98,442.93,4.74
893.73,442.16,4.742
890.24,442.16,4.743
890.24,442.16,4.745
893.73,442.16,4.746
891.98,442.16,4.748
895.47,442.16,4.749
891.98,442.16,4.751
891.98,442.16,4.753
891.98,442.16,4.754
891.98,442.93,4.756
890.24,442.16,4.757
898.96,442.16,4.759
890.24,442.16,4.76
891.98,442.16,4.763
888.49,442.16,4.765
890.24,442.16,4.766
890.24,441.4,4.768
890.24,442.16,4.769
893.73,442.16,4.771
890.24,441.4,4.773
895.47,442.16,4.774
891.98,441.4,4.776
890.24,442.16,4.777
883.26,442.16,4.779
897.22,442.16,4.78
891.98,442.16,4.782
891.98,441.4,4.784
890.24,441.4,4.785
891.98,442.16,4.787
890.24,442.16,4.788
888.49,441.4,4.79
890.24,441.4,4.791
890.24,441.4,4.793
891.98,441.4,4.795
890.24,441.4,4.796
890.24,441.4,4.798
888.49,441.4,4.799
890.24,441.4,4.801
890.24,441.4,4.803
890.24,441.4,4.804
888.49,441.4,4.807
891.98,441.4,4.808
891.98,441.4,4.81
888.49,441.4,4.811
890.24,441.4,4.813
888.49,441.4,4.815
890.24,441.4,4.816
888.49,441.4,4.818
890.24,441.4,4.819
886.75,440.63,4.821
890.24,441.4,4.822
890.24,441.4,4.824
890.24,441.4,4.826
890.24,441.4,4.827
891.98,440.63,4.829
890.24,441.4,4.83
890.24,441.4,4.832
888.49,440.63,4.833
895.47,441.4,4.835
888.49,440.63,4.837
890.24,441.4,4.838
890.24,440.63,4.84
888.49,440.63,4.841
888.49,440.63,4.843
888.49,441.4,4.845
888.49,440.63,4.846
893.73,440.63,4.849
890.24,440.63,4.85
890.24,441.4,4.852
890.24,440.63,4.853
888.49,440.63,4.855
888.49,440.63,4.857
888.49,440.63,4.858
886.75,440.63,4.86
888.49,440.63,4.861
888.49,440.63,4.863
885,440.63,4.864
897.22,440.63,4.866
888.49,440.63,4.868
888.49,440.63,4.869
888.49,440.63,4.871
886.75,440.63,4.872
888.49,440.63,4.874
886.75,440.63,4.875
891.98,440.63,4.877
886.75,439.87,4.879
886.75,440.63,4.88
886.75,440.63,4.882
893.73,439.87,4.883
888.49,439.87,4.885
886.75,440.63,4.887
888.49,440.63,4.888
885,440.63,4.891
888.49,440.63,4.892
888.49,440.63,4.894
888.49,439.87,4.895
885,439.87,4.897
888.49,440.63,4.899
885,440.63,4.9
888.49,440.63,4.902
893.73,439.87,4.903
885,440.63,4.905
888.49,439.87,4.906
891.98,439.87,4.908
888.49,439.87,4.91
886.75,439.87,4.911
886.75,439.87,4.913
885,439.87,4.914
886.75,439.87,4.916
885,439.87,4.917
886.75,439.87,4.919
886.75,439.87,4.921
888.49,439.87,4.922
883.26,439.87,4.924
885,439.87,4.925
886.75,439.87,4.927
885,439.87,4.929
888.49,439.87,4.93
885,439.87,4.932
885,439.87,4.934
886.75,439.87,4.936
886.75,439.87,4.937
888.49,439.87,4.939
886.75,439.87,4.941
886.75,439.87,4.942
888.49,439.87,4.944
885,439.1,4.945
888.49,439.87,4.947
886.75,439.87,4.948
885,439.87,4.95
885,439.87,4.952
886.75,439.1,4.953
888.49,439.87,4.955
893.73,439.87,4.956
886.75,439.1,4.958
885,439.1,4.959
893.73,439.1,4.961
886.75,439.87,4.963
881.52,439.1,4.964
881.52,439.1,4.966
883.26,439.87,4.967
883.26,439.1,4.969
885,439.1,4.971
883.26,439.1,4.972
878.03,439.1,4.974
883.26,439.1,4.976
885,439.87,4.978
883.26,439.1,4.979
885,439.87,4.981
883.26,439.1,4.983
886.75,439.1,4.984
888.49,439.1,4.986
885,439.1,4.987
885,439.1,4.989
885,439.1,4.99
881.52,439.1,4.992
881.52,439.1,4.994
891.98,439.1,4.995
885,439.1,4.997
891.98,439.1,4.998
886.75,439.1,5
893.73,439.1,5.001
891.98,439.1,5.003
893.73,439.1,5.005
891.98,439.1,5.006
893.73,439.1,5.008
891.98,439.1,5.009
890.24,439.1,5.011
886.75,439.1,5.013
895.47,445.99,5.014
904.19,449.82,5.016
914.66,452.88,5.017
919.89,457.47,5.02
933.85,460.53,5.021
937.34,464.36,5.023
947.8,467.42,5.025
953.04,469.72,5.026
961.76,472.78,5.028
966.99,475.84,5.029
973.97,477.37,5.031
977.46,480.43,5.032
977.46,478.14,5.034
975.71,476.6,5.036
970.48,476.6,5.037
966.99,472.78,5.039
961.76,472.01,5.04
954.78,470.48,5.042
956.52,469.72,5.043
958.27,471.25,5.045
961.76,472.01,5.047
961.76,473.54,5.048
966.99,474.31,5.05
968.74,475.84,5.051
970.48,475.84,5.053
968.74,475.07,5.055
965.25,474.31,5.056
961.76,473.54,5.058
958.27,472.78,5.059
958.27,471.25,5.062
949.55,471.25,5.063
958.27,470.48,5.065
956.52,471.25,5.067
960.01,472.01,5.068
960.01,472.78,5.07
965.25,473.54,5.071
965.25,473.54,5.073
968.74,474.31,5.074
965.25,473.54,5.076
963.5,472.78,5.078
960.01,472.78,5.079
961.76,472.01,5.081
960.01,471.25,5.082
956.52,470.48,5.084
956.52,471.25,5.086
960.01,471.25,5.087
961.76,471.25,5.089
961.76,472.01,5.09
960.01,472.78,5.092
960.01,472.78,5.093
963.5,472.78,5.095
965.25,472.01,5.097
961.76,472.78,5.098
960.01,471.25,5.1
953.04,471.25,5.101
960.01,471.25,5.104
960.01,470.48,5.105
960.01,470.48,5.107
960.01,471.25,5.109
960.01,471.25,5.11
960.01,472.01,5.112
961.76,472.01,5.113
961.76,472.01,5.115
961.76,472.01,5.116
960.01,472.01,5.118
961.76,471.25,5.12
958.27,471.25,5.121
960.01,470.48,5.123
958.27,470.48,5.124
951.29,470.48,5.126
958.27,470.48,5.128
953.04,471.25,5.129
958.27,471.25,5.131
958.27,471.25,5.132
958.27,471.25,5.134
961.76,472.01,5.135
960.01,471.25,5.137
960.01,470.48,5.139
954.78,471.25,5.14
958.27,470.48,5.142
958.27,470.48,5.143
956.52,470.48,5.145
956.52,470.48,5.147
956.52,470.48,5.149
956.52,470.48,5.151
958.27,470.48,5.152
958.27,470.48,5.154
958.27,470.48,5.155
956.52,471.25,5.157
956.52,471.25,5.158
963.5,470.48,5.16
956.52,470.48,5.162
956.52,470.48,5.163
956.52,470.48,5.165
956.52,470.48,5.166
956.52,470.48,5.168
956.52,470.48,5.17
961.76,470.48,5.171
958.27,470.48,5.173
956.52,470.48,5.174
958.27,470.48,5.176
956.52,470.48,5.177
958.27,470.48,5.179
954.78,470.48,5.181
956.52,470.48,5.182
954.78,470.48,5.184
954.78,469.72,5.185
956.52,469.72,5.187
949.55,469.72,5.188
956.52,469.72,5.191
956.52,470.48,5.193
956.52,470.48,5.194
956.52,470.48,5.196
951.29,469.72,5.197
958.27,469.72,5.199
954.78,469.72,5.2
956.52,469.72,5.202
958.27,469.72,5.204
956.52,469.72,5.205
953.04,469.72,5.207
954.78,469.72,5.208
958.27,469.72,5.21
954.78,469.72,5.212
956.52,469.72,5.213
954.78,468.95,5.215
954.78,469.72,5.216
954.78,468.95,5.218
954.78,469.72,5.219
954.78,469.72,5.221
956.52,468.95,5.223
958.27,468.95,5.224
954.78,469.72,5.226
954.78,468.95,5.227
954.78,469.72,5.229
954.78,468.95,5.23
954.78,468.95,5.233
953.04,468.95,5.235
953.04,468.95,5.236
954.78,468.95,5.238
954.78,468.95,5.239
954.78,468.95,5.241
953.04,468.95,5.242
954.78,468.95,5.244
953.04,468.95,5.246
953.04,468.95,5.247
947.8,468.95,5.249
960.01,468.95,5.25
953.04,468.95,5.252
949.55,468.95,5.254
954.78,468.95,5.255
949.55,468.95,5.257
954.78,468.95,5.258
956.52,468.95,5.26
958.27,468.95,5.261
949.55,468.95,5.263
956.52,468.95,5.265
956.52,468.19,5.266
953.04,468.95,5.268
954.78,468.95,5.269
954.78,468.95,5.271
953.04,468.19,5.272
954.78,468.19,5.275
953.04,468.19,5.277
954.78,468.95,5.278
954.78,468.19,5.28
949.55,468.95,5.281
953.04,468.95,5.283
951.29,468.19,5.284
951.29,468.19,5.286
954.78,468.19,5.288
953.04,468.19,5.289
953.04,468.19,5.291
953.04,468.19,5.292
953.04,468.19,5.294
953.04,468.19,5.296
953.04,468.19,5.297
951.29,468.19,5.299
951.29,468.19,5.3
951.29,468.19,5.302
953.04,468.19,5.303
951.29,468.19,5.305
960.01,468.19,5.307
951.29,468.19,5.308
951.29,468.19,5.31
956.52,468.19,5.311
953.04,468.19,5.313
954.78,468.19,5.314
951.29,467.42,5.316
951.29,468.19,5.319
953.04,468.19,5.32
953.04,468.19,5.322
951.29,468.19,5.323
951.29,468.19,5.325
951.29,468.19,5.326
947.8,468.19,5.328
951.29,467.42,5.33
958.27,467.42,5.331
951.29,467.42,5.333
951.29,467.42,5.334
951.29,467.42,5.336
951.29,467.42,5.338
951.29,467.42,5.339
951.29,467.42,5.341
951.29,468.19,5.342
953.04,468.19,5.344
951.29,467.42,5.345
951.29,467.42,5.347
953.04,467.42,5.349
951.29,467.42,5.35
954.78,467.42,5.352
953.04,467.42,5.353
951.29,467.42,5.355
953.04,467.42,5.356
949.55,467.42,5.358
951.29,467.42,5.361
949.55,467.42,5.362
949.55,467.42,5.364
951.29,467.42,5.365
949.55,467.42,5.367
951.29,467.42,5.369
951.29,467.42,5.37
951.29,467.42,5.372
944.31,467.42,5.373
949.55,467.42,5.375
949.55,466.65,5.376
949.55,467.42,5.378
949.55,467.42,5.38
947.8,467.42,5.381
949.55,467.42,5.383
949.55,467.42,5.384
949.55,467.42,5.386
949.55,466.65,5.387
951.29,466.65,5.389
944.31,467.42,5.391
946.06,467.42,5.392
949.55,467.42,5.394
951.29,466.65,5.395
949.55,467.42,5.397
949.55,467.42,5.398
949.55,466.65,5.4
949.55,467.42,5.403
949.55,466.65,5.404
947.8,466.65,5.406
947.8,466.65,5.407
944.31,466.65,5.409
949.55,466.65,5.411
946.06,466.65,5.412
949.55,466.65,5.414
947.8,466.65,5.415
949.55,466.65,5.417
951.29,466.65,5.418
949.55,466.65,5.42
947.8,466.65,5.422
947.8,466.65,5.423
947.8,466.65,5.425
947.8,466.65,5.426
949.55,466.65,5.428
949.55,466.65,5.429
942.57,466.65,5.431
947.8,466.65,5.433
947.8,466.65,5.434
951.29,466.65,5.436
947.8,466.65,5.437
949.55,466.65,5.439
944.31,466.65,5.44
947.8,465.89,5.442
949.55,466.65,5.444
940.83,465.89,5.446
947.8,466.65,5.448
949.55,465.89,5.449
947.8,466.65,5.451
947.8,466.65,5.453
949.55,465.89,5.454
946.06,465.89,5.456
947.8,465.89,5.457
951.29,466.65,5.459
947.8,466.65,5.46
947.8,466.65,5.462
949.55,465.89,5.464
947.8,465.89,5.465
947.8,465.89,5.467
949.55,466.65,5.468
946.06,465.89,5.47
949.55,465.89,5.471
947.8,465.89,5.473
942.57,465.89,5.475
953.04,465.89,5.476
947.8,466.65,5.478
946.06,465.89,5.479
947.8,465.89,5.481
946.06,465.89,5.482
947.8,465.89,5.484
947.8,465.89,5.486
947.8,465.89,5.488
949.55,465.89,5.49
947.8,465.89,5.491
944.31,465.89,5.493
946.06,465.89,5.495
947.8,465.89,5.496
947.8,465.89,5.498
949.55,465.89,5.499
947.8,465.89,5.501
954.78,465.89,5.502
956.52,465.89,5.504
954.78,465.89,5.506
954.78,465.89,5.507
954.78,465.89,5.509
956.52,465.89,5.51
954.78,465.89,5.512
947.8,465.89,5.513
956.52,472.01,5.515
966.99,475.84,5.517
975.71,478.14,5.518
982.69,482.73,5.52
993.16,485.79,5.521
1000.1,488.85,5.523
1008.9,491.91,5.524
1005.4,494.21,5.526
1017.6,497.27,5.528
1022.8,498.8,5.529
1028,501.1,5.532
1031.5,504.16,5.533
1031.5,501.1,5.535
1028,499.57,5.537
1026.3,499.57,5.538
1019.3,495.74,5.54
1015.8,494.97,5.541
1012.3,494.21,5.543
1012.3,493.44,5.544
1007.1,495.74,5.546
1017.6,495.74,5.548
1021.1,496.51,5.549
1021.1,498.8,5.551
1022.8,498.8,5.552
1026.3,500.33,5.554
1024.6,498.8,5.555
1022.8,497.27,5.557
1021.1,497.27,5.559
1015.8,495.74,5.56
1017.6,494.21,5.562
1012.3,494.21,5.563
1012.3,494.97,5.565
1014.1,495.74,5.566
1017.6,495.74,5.568
1019.3,496.51,5.57
1021.1,497.27,5.571
1019.3,498.04,5.574
1022.8,498.04,5.575
1017.6,497.27,5.577
1021.1,496.51,5.579
1015.8,495.74,5.58
1015.8,495.74,5.582
1015.8,494.97,5.583
1014.1,494.21,5.585
1012.3,494.97,5.586
1015.8,494.97,5.588
1015.8,495.74,5.59
1017.6,495.74,5.591
1017.6,496.51,5.593
1019.3,496.51,5.594
1022.8,496.51,5.596
1017.6,496.51,5.597
1015.8,495.74,5.599
1015.8,495.74,5.601
1015.8,494.97,5.602
1014.1,494.21,5.604
1005.4,494.21,5.605
1019.3,494.21,5.607
1012.3,494.97,5.609
1014.1,495.74,5.61
1012.3,495.74,5.612
1015.8,495.74,5.613
1017.6,495.74,5.616
1015.8,495.74,5.617
1015.8,495.74,5.619
1015.8,494.97,5.621
1014.1,494.97,5.622
1014.1,494.97,5.624
1015.8,494.21,5.625
1012.3,494.21,5.627
1012.3,494.21,5.628
1014.1,494.21,5.63
1014.1,494.97,5.632
1014.1,494.97,5.633
1017.6,494.97,5.635
1015.8,495.74,5.636
1015.8,494.97,5.638
1015.8,494.97,5.639
1014.1,494.97,5.641
1008.9,494.21,5.643
1014.1,494.21,5.644
1007.1,494.21,5.646
1012.3,494.21,5.647
1012.3,494.21,5.649
1012.3,494.21,5.651
1014.1,494.21,5.652
1014.1,494.21,5.654
1014.1,494.97,5.655
1015.8,494.97,5.657
1014.1,494.97,5.659
1014.1,494.97,5.661
1012.3,494.21,5.663
1014.1,494.21,5.664
1012.3,494.21,5.666
1012.3,493.44,5.667
1014.1,493.44,5.669
1012.3,493.44,5.67
1022.8,494.21,5.672
1010.6,494.21,5.674
1012.3,494.21,5.675
1014.1,494.21,5.677
1012.3,494.21,5.678
1012.3,493.44,5.68
1012.3,494.21,5.681
1012.3,493.44,5.683
1010.6,493.44,5.685
1010.6,493.44,5.686
1014.1,493.44,5.688
1014.1,493.44,5.689
1010.6,493.44,5.691
1010.6,494.21,5.693
1012.3,493.44,5.694
1012.3,494.21,5.696
1012.3,493.44,5.697
1010.6,493.44,5.699
1010.6,493.44,5.7
1012.3,493.44,5.703
1012.3,493.44,5.705
1012.3,493.44,5.706
1012.3,493.44,5.708
1012.3,493.44,5.709
1012.3,493.44,5.711
1008.9,493.44,5.712
1012.3,493.44,5.714
1010.6,493.44,5.716
1015.8,493.44,5.717
1010.6,493.44,5.719
1015.8,493.44,5.72
1010.6,493.44,5.722
1010.6,493.44,5.723
1014.1,493.44,5.725
1008.9,492.68,5.727
1010.6,492.68,5.728
1012.3,493.44,5.73
1010.6,492.68,5.731
1010.6,493.44,5.733
1010.6,492.68,5.735
1010.6,493.44,5.736
1007.1,493.44,5.738
1010.6,493.44,5.739
1014.1,493.44,5.741
1012.3,493.44,5.742
1008.9,492.68,5.745
1010.6,492.68,5.747
1008.9,492.68,5.748
1010.6,492.68,5.75
1010.6,492.68,5.751
1010.6,492.68,5.753
1010.6,492.68,5.754
1010.6,492.68,5.756
1008.9,492.68,5.758
1010.6,492.68,5.759
1008.9,492.68,5.761
1008.9,492.68,5.762
1008.9,492.68,5.764
1014.1,492.68,5.765
1007.1,492.68,5.767
1010.6,492.68,5.769
1008.9,492.68,5.77
1012.3,492.68,5.772
1008.9,492.68,5.773
1014.1,492.68,5.775
1007.1,492.68,5.777
1008.9,492.68,5.778
1007.1,492.68,5.78
1007.1,492.68,5.781
1012.3,492.68,5.783
1007.1,492.68,5.784
1008.9,491.91,5.787
1008.9,492.68,5.789
1008.9,491.91,5.79
1003.6,491.91,5.792
1005.4,491.91,5.793
1008.9,491.91,5.795
1012.3,491.91,5.796
1007.1,491.91,5.798
1008.9,491.91,5.8
1007.1,491.91,5.801
1007.1,491.91,5.803
1008.9,492.68,5.804
1008.9,491.91,5.806
1007.1,491.91,5.807
1008.9,491.91,5.809
1005.4,491.91,5.811
1008.9,491.91,5.812
1008.9,491.91,5.814
1008.9,491.91,5.815
1005.4,491.91,5.817
1005.4,491.91,5.819
1007.1,491.91,5.82
1005.4,491.91,5.822
1007.1,491.91,5.823
1007.1,491.91,5.825
1007.1,491.91,5.826
1007.1,491.91,5.828
998.39,491.91,5.831
1005.4,491.91,5.832
1001.9,491.91,5.834
1007.1,491.91,5.835
1005.4,491.91,5.837
1003.6,491.91,5.838
1007.1,491.91,5.84
1005.4,491.91,5.842
1000.1,491.91,5.843
1007.1,491.91,5.845
1005.4,491.91,5.846
1007.1,491.91,5.848
1008.9,491.15,5.849
1008.9,491.15,5.851
1014.1,491.91,5.853
1007.1,491.91,5.854
1005.4,491.91,5.856
1007.1,491.15,5.857
1005.4,491.91,5.859
1005.4,491.91,5.861
1005.4,491.15,5.862
1005.4,491.15,5.864
1014.1,491.91,5.865
1003.6,491.15,5.867
1010.6,491.91,5.868
1005.4,491.15,5.87
1007.1,491.15,5.873
1007.1,491.15,5.874
1003.6,491.15,5.876
1007.1,491.15,5.877
1005.4,491.15,5.879
1005.4,491.15,5.88
1005.4,491.15,5.882
1003.6,491.15,5.884
1001.9,491.15,5.885
1000.1,491.15,5.887
1005.4,491.15,5.888
1005.4,490.38,5.89
1003.6,491.15,5.892
1010.6,491.15,5.893
1007.1,491.15,5.895
1003.6,491.15,5.896
1003.6,491.15,5.898
1003.6,491.15,5.899
1003.6,490.38,5.901
1003.6,491.15,5.903
1005.4,490.38,5.904
1003.6,491.15,5.906
1003.6,490.38,5.907
1003.6,491.15,5.909
1005.4,491.15,5.91
1010.6,490.38,5.912
1005.4,491.15,5.915
1000.1,490.38,5.916
1003.6,491.15,5.918
1005.4,491.15,5.919
1003.6,490.38,5.921
1005.4,490.38,5.922
1005.4,490.38,5.924
1003.6,491.15,5.926
1005.4,490.38,5.927
1005.4,491.15,5.929
1003.6,490.38,5.93
1010.6,491.15,5.932
1003.6,490.38,5.934
1005.4,490.38,5.935
1003.6,490.38,5.937
1001.9,490.38,5.938
1005.4,490.38,5.94
1001.9,490.38,5.941
1003.6,490.38,5.943
1003.6,490.38,5.945
1003.6,490.38,5.946
1001.9,489.62,5.948
1003.6,490.38,5.949
1005.4,490.38,5.951
1007.1,490.38,5.952
1003.6,490.38,5.954
1003.6,490.38,5.956
1001.9,490.38,5.958
1003.6,490.38,5.96
1003.6,490.38,5.961
1001.9,490.38,5.963
1001.9,490.38,5.964
1001.9,490.38,5.966
1001.9,490.38,5.968
1003.6,490.38,5.969
1003.6,490.38,5.971
1005.4,490.38,5.972
1003.6,490.38,5.974
1001.9,490.38,5.976
1005.4,490.38,5.977
1003.6,490.38,5.979
1003.6,489.62,5.98
1003.6,490.38,5.982
998.39,489.62,5.983
1001.9,490.38,5.985
1003.6,489.62,5.987
1003.6,489.62,5.988
1003.6,489.62,5.99
1001.9,489.62,5.991
1003.6,489.62,5.993
1008.9,490.38,5.994
1001.9,490.38,5.996
1001.9,489.62,5.998
1005.4,490.38,6
1010.6,490.38,6.002
1010.6,490.38,6.003
1012.3,489.62,6.005
1012.3,490.38,6.006
1005.4,490.38,6.008
1014.1,489.62,6.01
1010.6,489.62,6.011
1003.6,489.62,6.013
1010.6,496.51,6.014
1022.8,498.8,6.016
1029.8,501.1,6.018
1036.8,505.69,6.019
1043.7,508.75,6.021
1049,511.05,6.022
1056,514.87,6.024
1061.2,515.64,6.025
1066.4,518.7,6.027
1071.7,521,6.029
1078.6,521.76,6.03
1080.4,524.82,6.032
1078.6,522.53,6.033
1073.4,520.23,6.035
1069.9,521,6.036
1064.7,517.17,6.038
1064.7,515.64,6.04
1056,514.87,6.041
1061.2,514.11,6.044
1061.2,517.94,6.045
1064.7,516.41,6.047
1064.7,517.94,6.048
1068.2,519.47,6.05
1071.7,520.23,6.052
1071.7,521,6.053
1066.4,519.47,6.055
1071.7,518.7,6.056
1066.4,517.94,6.058
1064.7,517.17,6.06
1061.2,515.64,6.061
1061.2,515.64,6.063
1061.2,515.64,6.064
1064.7,516.41,6.066
1064.7,517.17,6.067
1068.2,517.94,6.069
1068.2,518.7,6.071
1068.2,519.47,6.072
1069.9,518.7,6.074
1068.2,518.7,6.075
1064.7,517.94,6.077
1064.7,517.17,6.078
1062.9,516.41,6.08
1066.4,515.64,6.082
1061.2,515.64,6.083
1061.2,516.41,6.086
1062.9,516.41,6.087
1062.9,517.17,6.089
1064.7,517.17,6.09
1066.4,517.94,6.092
1066.4,517.94,6.094
1076.9,517.94,6.095
1064.7,517.17,6.097
1064.7,517.17,6.098
1066.4,516.41,6.1
1061.2,516.41,6.102
1061.2,515.64,6.103
1061.2,515.64,6.105
1062.9,515.64,6.106
1062.9,515.64,6.108
1064.7,516.41,6.109
1064.7,516.41,6.111
1066.4,517.17,6.113
1064.7,517.17,6.114
1066.4,517.17,6.116
1062.9,517.17,6.117
1064.7,516.41,6.119
1066.4,515.64,6.12
1062.9,515.64,6.122
1069.9,515.64,6.124
1059.4,515.64,6.125
1059.4,515.64,6.128
1062.9,515.64,6.129
1061.2,515.64,6.131
1069.9,516.41,6.132
1062.9,516.41,6.134
1056,516.41,6.136
1062.9,516.41,6.137
1059.4,516.41,6.139
1062.9,515.64,6.14
1059.4,515.64,6.142
1054.2,515.64,6.144
1062.9,514.87,6.145
1057.7,515.64,6.147
1064.7,515.64,6.148
1059.4,515.64,6.15
1059.4,515.64,6.151
1056,516.41,6.153
1069.9,516.41,6.155
1062.9,515.64,6.156
1057.7,516.41,6.158
1059.4,515.64,6.159
1059.4,515.64,6.161
1061.2,515.64,6.162
1056,514.87,6.164
1059.4,514.87,6.166
1057.7,514.87,6.167
1061.2,514.87,6.169
1059.4,515.64,6.171
1061.2,515.64,6.173
1061.2,515.64,6.175
1061.2,515.64,6.176
1061.2,515.64,6.178
1061.2,515.64,6.179
1059.4,514.87,6.181
1061.2,514.87,6.182
1057.7,514.87,6.184
1061.2,514.87,6.186
1057.7,514.87,6.187
1059.4,514.87,6.189
1059.4,514.87,6.19
1057.7,514.87,6.192
1061.2,514.87,6.193
1061.2,515.64,6.195
1059.4,514.87,6.197
1059.4,514.87,6.198
1059.4,515.64,6.2
1062.9,514.87,6.201
1057.7,514.87,6.203
1062.9,514.87,6.204
1059.4,514.87,6.206
1057.7,514.87,6.208
1057.7,514.11,6.209
1059.4,514.11,6.211
1057.7,514.87,6.212
1059.4,514.11,6.215
1059.4,514.87,6.217
1059.4,514.87,6.218
1059.4,514.87,6.22
1057.7,514.87,6.221
1057.7,514.11,6.223
1059.4,514.11,6.224
1056,514.87,6.226
1061.2,514.11,6.228
1056,514.11,6.229
1057.7,514.11,6.231
1056,514.11,6.232
1057.7,514.87,6.234
1057.7,514.11,6.235
1057.7,514.11,6.237
1059.4,514.11,6.239
1057.7,514.11,6.24
1050.7,514.11,6.242
1057.7,514.11,6.243
1059.4,514.11,6.245
1056,514.11,6.246
1057.7,514.11,6.248
1052.5,514.11,6.25
1057.7,514.11,6.251
1057.7,514.11,6.253
1062.9,514.11,6.254
1059.4,514.11,6.257
1056,514.11,6.259
1057.7,514.11,6.26
1057.7,514.11,6.262
1057.7,514.11,6.263
1056,514.11,6.265
1056,514.11,6.266
1056,513.34,6.268
1052.5,514.11,6.27
1057.7,514.11,6.271
1057.7,514.11,6.273
1057.7,514.11,6.274
1056,514.11,6.276
1056,513.34,6.277
1056,514.11,6.279
1056,514.11,6.281
1057.7,514.11,6.282
1057.7,513.34,6.284
1056,513.34,6.285
1056,513.34,6.287
1056,513.34,6.288
1056,513.34,6.29
1054.2,513.34,6.292
1056,513.34,6.293
1056,513.34,6.295
1056,514.11,6.296
1056,514.11,6.299
1059.4,513.34,6.301
1052.5,513.34,6.302
1056,513.34,6.304
1057.7,513.34,6.305
1056,513.34,6.307
1056,513.34,6.308
1049,513.34,6.31
1057.7,513.34,6.312
1057.7,513.34,6.313
1054.2,513.34,6.315
1056,513.34,6.316
1054.2,513.34,6.318
1057.7,513.34,6.319
1054.2,513.34,6.321
1054.2,513.34,6.323
1054.2,512.58,6.324
1056,513.34,6.326
1059.4,513.34,6.327
1056,513.34,6.329
1059.4,512.58,6.33
1047.2,513.34,6.332
1054.2,513.34,6.334
1057.7,512.58,6.335
1056,513.34,6.337
1054.2,513.34,6.338
1057.7,513.34,6.34
1054.2,513.34,6.343
1054.2,513.34,6.344
1056,513.34,6.346
1056,513.34,6.347
1054.2,512.58,6.349
1056,512.58,6.35
1054.2,512.58,6.352
1059.4,512.58,6.354
1054.2,512.58,6.355
1052.5,512.58,6.357
1054.2,512.58,6.358
1056,512.58,6.36
1054.2,512.58,6.361
1054.2,512.58,6.363
1050.7,512.58,6.365
1054.2,512.58,6.366
1054.2,512.58,6.368
1052.5,512.58,6.369
1054.2,512.58,6.371
1052.5,512.58,6.372
1054.2,512.58,6.374
1054.2,512.58,6.376
1054.2,512.58,6.377
1052.5,512.58,6.379
1052.5,512.58,6.38
1054.2,512.58,6.382
1052.5,512.58,6.385
1054.2,512.58,6.386
1054.2,512.58,6.388
1054.2,512.58,6.389
1054.2,512.58,6.391
1052.5,512.58,6.392
1056,512.58,6.394
1054.2,512.58,6.396
1059.4,512.58,6.397
1054.2,512.58,6.399
1054.2,511.81,6.4
1054.2,512.58,6.402
1052.5,511.81,6.403
1049,512.58,6.405
1050.7,512.58,6.407
1050.7,511.81,6.408
1049,512.58,6.41
1052.5,511.81,6.411
1054.2,511.81,6.413
1050.7,512.58,6.414
1052.5,512.58,6.416
1052.5,512.58,6.418
1054.2,511.81,6.419
1056,512.58,6.421
1052.5,511.81,6.422
1052.5,512.58,6.424
1052.5,512.58,6.427
1054.2,511.81,6.428
1054.2,511.81,6.43
1050.7,512.58,6.431
1052.5,511.81,6.433
1050.7,511.81,6.434
1052.5,511.81,6.436
1052.5,511.81,6.438
1050.7,512.58,6.439
1054.2,511.81,6.441
1052.5,511.81,6.442
1054.2,511.81,6.444
1052.5,511.81,6.445
1050.7,511.81,6.447
1052.5,511.81,6.449
1052.5,511.81,6.45
1052.5,511.81,6.452
1050.7,511.81,6.453
1057.7,511.81,6.455
1052.5,511.81,6.457
1049,511.81,6.458
1052.5,511.81,6.46
1052.5,511.81,6.461
1052.5,511.81,6.463
1052.5,511.81,6.464
1052.5,511.81,6.466
1050.7,511.05,6.468
1050.7,511.81,6.47
1052.5,511.81,6.472
1052.5,511.81,6.473
1054.2,511.81,6.475
1050.7,511.81,6.476
1052.5,511.81,6.478
1050.7,511.81,6.48
1057.7,511.81,6.481
1052.5,511.05,6.483
1052.5,511.81,6.484
1056,511.81,6.486
1050.7,511.81,6.487
1052.5,511.05,6.489
1052.5,511.81,6.491
1052.5,511.81,6.492
1050.7,511.81,6.494
1052.5,511.05,6.495
1052.5,511.05,6.497
1045.5,511.05,6.499
1049,511.81,6.5
1059.4,511.05,6.502
1059.4,511.81,6.503
1061.2,511.81,6.505
1059.4,511.05,6.506
1057.7,511.05,6.508
1059.4,511.81,6.51
1059.4,511.05,6.512
1050.7,511.05,6.514
1057.7,517.17,6.515
1066.4,519.47,6.517
1075.1,522.53,6.518
1082.1,525.59,6.52
1089.1,528.65,6.522
1094.3,530.95,6.523
1099.6,533.24,6.525
1104.8,534.78,6.526
1106.5,537.84,6.528
1111.8,538.6,6.529
1117,540.9,6.531
1120.5,542.43,6.533
1118.8,540.13,6.534
1117,538.6,6.536
1111.8,539.37,6.537
1117,535.54,6.539
1104.8,534.78,6.541
1103.1,534.01,6.542
1101.3,533.24,6.544
1103.1,535.54,6.545
1103.1,535.54,6.547
1110,536.31,6.548
1120.5,538.6,6.55
1113.5,538.6,6.552
1113.5,539.37,6.553
1110,537.84,6.556
1113.5,537.07,6.557
1113.5,536.31,6.559
1104.8,534.78,6.56
1104.8,534.78,6.562
1104.8,534.78,6.564
1103.1,534.01,6.565
1110,534.78,6.567
1106.5,535.54,6.568
1106.5,536.31,6.57
1108.3,537.07,6.571
1110,537.07,6.573
1111.8,537.07,6.575
1110,536.31,6.576
1108.3,536.31,6.578
1104.8,535.54,6.579
1106.5,534.78,6.581
1108.3,534.78,6.583
1103.1,534.01,6.584
1103.1,534.78,6.586
1104.8,534.78,6.587
1106.5,535.54,6.589
1108.3,535.54,6.59
1106.5,536.31,6.592
1108.3,536.31,6.594
1110,536.31,6.595
1108.3,536.31,6.598
1103.1,535.54,6.599
1106.5,534.78,6.601
1103.1,534.78,6.602
1104.8,534.01,6.604
1103.1,534.01,6.606
1108.3,534.78,6.607
1103.1,534.78,6.609
1103.1,535.54,6.61
1104.8,535.54,6.612
1115.3,535.54,6.613
1106.5,535.54,6.615
1103.1,535.54,6.617
1106.5,535.54,6.618
1108.3,534.78,6.62
1104.8,534.78,6.621
1104.8,534.01,6.623
1101.3,534.01,6.625
1101.3,534.01,6.626
1103.1,534.01,6.628
1103.1,534.01,6.629
1103.1,534.78,6.631
1103.1,534.78,6.632
1103.1,534.78,6.634
1099.6,535.54,6.636
1104.8,534.78,6.637
1104.8,534.78,6.64
1101.3,534.78,6.641
1103.1,534.01,6.643
1101.3,534.01,6.644
1103.1,534.01,6.646
1103.1,534.01,6.648
1103.1,534.01,6.649
1103.1,534.01,6.651
1101.3,534.01,6.652
1101.3,534.01,6.654
1103.1,534.78,6.655
1104.8,534.78,6.657
1103.1,534.78,6.659
1103.1,534.78,6.66
1103.1,534.01,6.662
1099.6,534.01,6.663
1103.1,534.01,6.665
1103.1,533.24,6.667
1103.1,534.01,6.668
1103.1,534.01,6.67
1103.1,534.01,6.671
1103.1,534.01,6.673
1106.5,534.01,6.674
1101.3,534.01,6.676
1104.8,534.01,6.678
1103.1,534.01,6.679
1101.3,534.01,6.681
1097.8,534.01,6.683
1099.6,534.01,6.685
1101.3,533.24,6.686
1099.6,533.24,6.688
1099.6,534.01,6.69
1096.1,533.24,6.691
1099.6,534.01,6.693
1099.6,533.24,6.694
1101.3,534.01,6.696
1101.3,534.01,6.697
1099.6,534.01,6.699
1106.5,533.24,6.701
1101.3,534.01,6.702
1101.3,534.01,6.704
1101.3,533.24,6.705
1101.3,533.24,6.707
1101.3,533.24,6.709
1106.5,533.24,6.71
1101.3,533.24,6.712
1103.1,533.24,6.713
1099.6,533.24,6.715
1101.3,534.01,6.716
1101.3,533.24,6.718
1101.3,533.24,6.72
1101.3,533.24,6.721
1099.6,533.24,6.723
1101.3,533.24,6.724
1099.6,533.24,6.727
1099.6,533.24,6.728
1099.6,533.24,6.73
1099.6,532.48,6.732
1097.8,532.48,6.733
1101.3,532.48,6.735
1099.6,533.24,6.736
1099.6,533.24,6.738
1110,533.24,6.74
1099.6,533.24,6.741
1099.6,533.24,6.743
1099.6,533.24,6.744
1097.8,532.48,6.746
1101.3,532.48,6.747
1101.3,533.24,6.749
1101.3,532.48,6.751
1101.3,532.48,6.752
1099.6,532.48,6.754
1101.3,532.48,6.755
1099.6,533.24,6.757
1099.6,533.24,6.758
1097.8,532.48,6.76
1099.6,533.24,6.762
1101.3,532.48,6.763
1099.6,533.24,6.765
1099.6,532.48,6.766
1097.8,532.48,6.769
1104.8,533.24,6.77
1101.3,532.48,6.772
1099.6,532.48,6.774
1099.6,532.48,6.775
1099.6,532.48,6.777
1097.8,532.48,6.778
1099.6,532.48,6.78
1099.6,532.48,6.782
1097.8,533.24,6.783
1097.8,532.48,6.785
1097.8,532.48,6.786
1096.1,532.48,6.788
1101.3,532.48,6.789
1099.6,532.48,6.791
1099.6,532.48,6.793
1094.3,532.48,6.794
1097.8,533.24,6.796
1096.1,532.48,6.797
1096.1,531.71,6.799
1097.8,532.48,6.8
1097.8,532.48,6.802
1096.1,532.48,6.804
1097.8,532.48,6.805
1097.8,532.48,6.807
1104.8,531.71,6.808
1094.3,532.48,6.811
1092.6,532.48,6.812
1096.1,531.71,6.814
1103.1,532.48,6.816
1099.6,532.48,6.817
1096.1,531.71,6.819
1096.1,532.48,6.82
1104.8,532.48,6.822
1096.1,531.71,6.824
1097.8,532.48,6.825
1094.3,531.71,6.827
1096.1,531.71,6.828
1096.1,532.48,6.83
1097.8,531.71,6.831
1096.1,531.71,6.833
1097.8,532.48,6.835
1094.3,531.71,6.836
1099.6,531.71,6.838
1097.8,531.71,6.839
1092.6,531.71,6.841
1096.1,531.71,6.842
1096.1,531.71,6.844
1097.8,531.71,6.846
1096.1,531.71,6.847
1096.1,531.71,6.849
1097.8,531.71,6.85
1096.1,531.71,6.852
1097.8,531.71,6.854
1097.8,531.71,6.856
1103.1,531.71,6.858
1096.1,531.71,6.859
1096.1,531.71,6.861
1097.8,531.71,6.862
1096.1,531.71,6.864
1103.1,531.71,6.866
1096.1,530.95,6.867
1096.1,531.71,6.869
1101.3,531.71,6.87
1096.1,531.71,6.872
1104.8,530.95,6.873
1096.1,531.71,6.875
1096.1,531.71,6.877
1097.8,531.71,6.878
1096.1,531.71,6.88
1099.6,531.71,6.881
1094.3,531.71,6.883
1096.1,530.95,6.884
1096.1,531.71,6.886
1101.3,530.95,6.888
1094.3,530.95,6.889
1096.1,531.71,6.891
1094.3,531.71,6.892
1094.3,530.95,6.894
1096.1,530.95,6.896
1097.8,530.95,6.898
1096.1,531.71,6.9
1096.1,531.71,6.901
1094.3,531.71,6.903
1096.1,530.95,6.904
1090.8,530.95,6.906
1096.1,530.95,6.908
1094.3,530.95,6.909
1099.6,530.95,6.911
1096.1,530.95,6.912
1094.3,530.95,6.914
1096.1,530.95,6.915
1096.1,531.71,6.917
1096.1,530.95,6.919
1094.3,531.71,6.92
1094.3,530.95,6.922
1096.1,530.95,6.923
1096.1,530.95,6.925
1094.3,530.95,6.926
1092.6,530.95,6.928
1097.8,530.95,6.93
1094.3,531.71,6.931
1092.6,530.95,6.933
1103.1,530.95,6.934
1096.1,530.95,6.936
1096.1,530.18,6.937
1097.8,530.18,6.94
1097.8,530.95,6.942
1094.3,530.95,6.943
1097.8,530.95,6.945
1094.3,530.95,6.946
1094.3,530.95,6.948
1092.6,530.95,6.95
1094.3,530.95,6.951
1090.8,530.95,6.953
1096.1,530.18,6.954
1087.4,530.95,6.956
1096.1,530.95,6.957
1092.6,530.95,6.959
1097.8,530.18,6.961
1094.3,530.18,6.962
1094.3,530.18,6.964
1094.3,530.95,6.965
1096.1,530.18,6.967
1096.1,530.95,6.968
1094.3,530.18,6.97
1092.6,530.95,6.972
1094.3,530.18,6.973
1094.3,530.95,6.975
1094.3,530.18,6.976
1092.6,530.18,6.978
1094.3,530.18,6.98
1094.3,530.18,6.982
1094.3,530.18,6.984
1092.6,530.18,6.985
1094.3,530.18,6.987
1094.3,530.18,6.988
1094.3,530.18,6.99
1094.3,530.18,6.992
1094.3,530.18,6.993
1089.1,530.18,6.995
1092.6,530.18,6.996
1094.3,530.18,6.998
1092.6,530.18,6.999
1094.3,530.95,7.001
1101.3,530.95,7.003
1103.1,530.18,7.004
1104.8,530.18,7.006
1101.3,530.18,7.007
1103.1,530.18,7.009
1101.3,530.18,7.01
1097.8,529.42,7.012
1096.1,530.18,7.014
1101.3,534.78,7.015
1108.3,537.84,7.017
1113.5,539.37,7.018
1120.5,543.19,7.02
1129.2,545.49,7.022
1129.2,547.79,7.024
1141.4,549.32,7.026
1141.4,551.61,7.027
1143.2,553.14,7.029
1146.7,554.68,7.03
1151.9,556.21,7.032
1155.4,557.74,7.034
1153.6,556.21,7.035
1150.2,553.91,7.037
1146.7,553.91,7.038
1151.9,550.85,7.04
1141.4,550.08,7.041
1137.9,549.32,7.043
1137.9,549.32,7.045
1144.9,551.61,7.046
1139.7,551.61,7.048
1146.7,552.38,7.049
1146.7,554.68,7.051
1150.2,553.91,7.052
1148.4,555.44,7.054
1148.4,553.91,7.056
1146.7,552.38,7.057
1143.2,552.38,7.059
1139.7,550.85,7.06
1139.7,550.85,7.062
1136.2,550.08,7.064
1139.7,550.85,7.065
1137.9,550.85,7.068
1141.4,551.61,7.069
1144.9,552.38,7.071
1144.9,553.14,7.072
1144.9,553.14,7.074
1148.4,553.14,7.076
1143.2,552.38,7.077
1141.4,552.38,7.079
1141.4,551.61,7.08
1139.7,550.85,7.082
1134.5,550.08,7.083
1141.4,550.08,7.085
1136.2,550.85,7.087
1139.7,550.85,7.088
1141.4,551.61,7.09
1143.2,551.61,7.091
1143.2,552.38,7.093
1143.2,552.38,7.094
1144.9,551.61,7.096
1143.2,551.61,7.098
1141.4,550.85,7.099
1141.4,550.85,7.101
1139.7,550.85,7.102
1139.7,550.08,7.104
1139.7,550.08,7.106
1139.7,550.85,7.107
1137.9,550.08,7.11
1139.7,550.85,7.111
1143.2,551.61,7.113
1139.7,550.85,7.114
1143.2,551.61,7.116
1141.4,551.61,7.118
1139.7,550.85,7.119
1146.7,550.08,7.121
1139.7,550.08,7.122
1137.9,550.08,7.124
1139.7,550.08,7.125
1137.9,550.08,7.127
1143.2,549.32,7.129
1137.9,550.08,7.13
1137.9,550.08,7.132
1139.7,550.85,7.133
1148.4,550.85,7.135
1141.4,550.85,7.136
1139.7,550.85,7.138
1139.7,550.08,7.14
1141.4,550.08,7.141
1137.9,549.32,7.143
1137.9,550.08,7.144
1137.9,549.32,7.146
1137.9,549.32,7.148
1137.9,550.08,7.149
1139.7,550.08,7.152
1137.9,550.08,7.153
1139.7,550.08,7.155
1139.7,550.85,7.156
1139.7,550.08,7.158
1139.7,550.85,7.16
1137.9,550.08,7.161
1136.2,550.08,7.163
1132.7,549.32,7.164
1139.7,549.32,7.166
1134.5,549.32,7.167
1137.9,549.32,7.169
1136.2,549.32,7.171
1136.2,550.08,7.172
1141.4,550.08,7.174
1137.9,549.32,7.175
1137.9,550.08,7.177
1136.2,550.08,7.178
1136.2,549.32,7.18
1137.9,549.32,7.182
1136.2,549.32,7.183
1136.2,549.32,7.185
1136.2,549.32,7.186
1136.2,549.32,7.188
1137.9,548.55,7.19
1137.9,549.32,7.191
1134.5,549.32,7.193
1136.2,549.32,7.195
1136.2,549.32,7.197
1136.2,549.32,7.198
1136.2,549.32,7.2
1136.2,550.08,7.202
1131,549.32,7.203
1136.2,549.32,7.205
1136.2,549.32,7.206
1137.9,548.55,7.208
1134.5,548.55,7.209
1136.2,549.32,7.211
1136.2,549.32,7.213
1136.2,549.32,7.214
1143.2,549.32,7.216
1136.2,549.32,7.217
1136.2,549.32,7.219
1136.2,549.32,7.22
1134.5,549.32,7.222
1137.9,549.32,7.224
1134.5,549.32,7.225
1139.7,548.55,7.227
1134.5,548.55,7.228
1134.5,548.55,7.23
1136.2,548.55,7.232
1136.2,549.32,7.233
1134.5,548.55,7.235
1134.5,549.32,7.236
1134.5,549.32,7.239
1136.2,549.32,7.24
1131,548.55,7.242
1132.7,549.32,7.244
1136.2,549.32,7.245
1134.5,549.32,7.247
1134.5,548.55,7.248
1132.7,548.55,7.25
1132.7,548.55,7.251
1132.7,548.55,7.253
1141.4,548.55,7.255
1134.5,548.55,7.256
1134.5,548.55,7.258
1134.5,549.32,7.259
1134.5,548.55,7.261
1132.7,548.55,7.263
1136.2,548.55,7.264
1137.9,548.55,7.266
1134.5,548.55,7.267
1132.7,548.55,7.269
1131,548.55,7.27
1143.2,548.55,7.272
1134.5,547.79,7.274
1134.5,548.55,7.275
1134.5,548.55,7.277
1134.5,548.55,7.278
1136.2,548.55,7.281
1134.5,548.55,7.282
1134.5,547.79,7.284
1134.5,548.55,7.286
1134.5,547.79,7.287
1132.7,547.79,7.289
1136.2,548.55,7.29
1134.5,547.79,7.292
1132.7,547.79,7.293
1134.5,547.79,7.295
1134.5,547.79,7.297
1132.7,547.79,7.298
1129.2,547.79,7.3
1132.7,547.79,7.301
1132.7,547.79,7.303
1134.5,547.79,7.305
1134.5,548.55,7.306
1134.5,547.79,7.308
1134.5,548.55,7.309
1131,547.79,7.311
1132.7,548.55,7.312
1132.7,547.79,7.314
1134.5,547.79,7.316
1134.5,547.79,7.317
1132.7,547.79,7.319
1132.7,547.79,7.32
1132.7,547.79,7.323
1134.5,547.79,7.324
1127.5,547.79,7.326
1132.7,547.79,7.328
1131,547.79,7.329
1132.7,547.02,7.331
1132.7,547.79,7.332
1134.5,547.79,7.334
1132.7,547.79,7.335
1132.7,547.79,7.337
1131,547.79,7.339
1131,547.02,7.34
1132.7,547.79,7.342
1131,547.02,7.343
1131,547.79,7.345
1131,547.79,7.347
1129.2,547.79,7.348
1132.7,547.79,7.35
1131,547.79,7.351
1131,547.79,7.353
1131,547.79,7.354
1134.5,547.79,7.356
1131,547.79,7.358
1131,547.79,7.359
1132.7,547.79,7.361
1132.7,547.02,7.362
1131,547.02,7.364
1129.2,547.02,7.366
1131,547.79,7.368
1131,547.02,7.37
1131,547.02,7.371
1131,547.02,7.373
1132.7,547.02,7.374
1131,547.02,7.376
1131,547.02,7.377
1131,547.02,7.379
1129.2,547.79,7.381
1131,547.02,7.382
1129.2,547.02,7.384
1129.2,547.02,7.385
1132.7,547.02,7.387
1129.2,547.02,7.389
1131,547.02,7.39
1132.7,547.02,7.392
1131,547.02,7.393
1131,547.02,7.395
1131,547.02,7.396
1131,547.02,7.398
1132.7,547.02,7.4
1131,547.02,7.401
1132.7,547.02,7.403
1131,547.02,7.404
1132.7,547.02,7.406
1131,547.02,7.408
1131,547.02,7.41
1129.2,547.79,7.412
1132.7,547.02,7.413
1129.2,547.02,7.415
1131,547.02,7.416
1129.2,547.02,7.418
1129.2,547.02,7.419
1131,547.02,7.421
1129.2,547.02,7.423
1131,547.02,7.424
1129.2,547.02,7.426
1127.5,546.26,7.427
1127.5,547.02,7.429
1131,547.02,7.431
1131,547.02,7.432
1127.5,546.26,7.434
1129.2,546.26,7.435
1127.5,547.02,7.437
1129.2,546.26,7.438
1131,546.26,7.44
1125.7,546.26,7.442
1127.5,546.26,7.443
1129.2,546.26,7.445
1129.2,547.02,7.446
1127.5,546.26,7.448
1129.2,546.26,7.449
1129.2,546.26,7.452
1127.5,547.02,7.454
1127.5,546.26,7.455
1129.2,546.26,7.457
1129.2,546.26,7.458
1124,546.26,7.46
1129.2,546.26,7.461
1129.2,546.26,7.463
1124,546.26,7.465
1129.2,546.26,7.466
1129.2,546.26,7.468
1127.5,546.26,7.469
1129.2,546.26,7.471
1129.2,547.02,7.473
1125.7,546.26,7.474
1129.2,546.26,7.476
1129.2,546.26,7.477
1127.5,546.26,7.479
1127.5,546.26,7.48
1129.2,546.26,7.482
1127.5,546.26,7.484
1129.2,545.49,7.485
1124,546.26,7.487
1127.5,546.26,7.488
1127.5,546.26,7.49
1127.5,546.26,7.491
1127.5,546.26,7.494
1127.5,545.49,7.496
1129.2,546.26,7.497
1129.2,546.26,7.499
1131,546.26,7.5
1137.9,545.49,7.502
1137.9,545.49,7.503
1136.2,545.49,7.505
1137.9,546.26,7.507
1137.9,545.49,7.508
1136.2,546.26,7.51
1132.7,545.49,7.511
1129.2,546.26,7.513
1136.2,550.08,7.515
1141.4,553.14,7.516
1148.4,555.44,7.518
1151.9,557.74,7.519
1155.4,560.03,7.521
1164.1,561.56,7.522
1165.9,563.86,7.524
1172.8,564.63,7.526
1176.3,566.92,7.527
1176.3,568.45,7.529
1183.3,569.22,7.53
1183.3,570.75,7.532
1179.8,569.22,7.533
1178.1,566.16,7.536
1174.6,567.69,7.538
1171.1,564.63,7.539
1171.1,563.09,7.541
1167.6,563.86,7.542
1162.4,562.33,7.544
1169.3,565.39,7.546
1172.8,565.39,7.547
1169.3,565.39,7.549
1176.3,567.69,7.55
1181.6,566.92,7.552
1178.1,567.69,7.553
1179.8,566.92,7.555
1171.1,565.39,7.557
1172.8,566.16,7.558
1171.1,564.63,7.56
1169.3,563.86,7.561
1167.6,563.86,7.563
1169.3,563.86,7.564
1171.1,564.63,7.566
1174.6,565.39,7.568
1172.8,566.16,7.569
1174.6,566.16,7.571
1174.6,566.16,7.572
1174.6,566.16,7.574
1178.1,566.16,7.575
1172.8,565.39,7.577
1171.1,564.63,7.58
1171.1,563.86,7.581
1172.8,563.09,7.583
1169.3,563.86,7.584
1167.6,564.63,7.586
1167.6,563.86,7.588
1171.1,564.63,7.589
1174.6,565.39,7.591
1178.1,565.39,7.592
1174.6,566.16,7.594
1172.8,565.39,7.595
1172.8,564.63,7.597
1172.8,564.63,7.599
1171.1,563.86,7.6
1169.3,563.86,7.602
1165.9,563.86,7.603
1169.3,563.86,7.605
1171.1,563.86,7.606
1169.3,563.86,7.608
1169.3,564.63,7.61
1171.1,564.63,7.611
1172.8,564.63,7.613
1171.1,565.39,7.614
1172.8,564.63,7.616
1171.1,564.63,7.617
1167.6,564.63,7.619
1171.1,564.63,7.622
1169.3,563.86,7.623
1169.3,563.86,7.625
1169.3,563.86,7.626
1165.9,563.09,7.628
1169.3,563.86,7.63
1171.1,563.86,7.631
1171.1,564.63,7.633
1169.3,564.63,7.634
1171.1,564.63,7.636
1171.1,564.63,7.637
1165.9,563.86,7.639
1171.1,563.86,7.641
1169.3,563.09,7.642
1169.3,563.86,7.644
1171.1,563.09,7.645
1167.6,563.86,7.647
1169.3,563.09,7.648
1172.8,563.09,7.65
1169.3,563.86,7.652
1171.1,563.86,7.653
1174.6,563.86,7.655
1176.3,563.86,7.656
1178.1,563.86,7.658
1169.3,563.86,7.659
1169.3,563.09,7.661
1167.6,563.09,7.664
1169.3,563.09,7.665
1169.3,563.09,7.667
1167.6,563.09,7.668
1169.3,562.33,7.67
1169.3,563.09,7.672
1169.3,563.09,7.673
1179.8,563.86,7.675
1169.3,563.86,7.676
1167.6,563.86,7.678
1167.6,563.86,7.679
1167.6,563.09,7.681
1169.3,563.09,7.683
1167.6,563.09,7.684
1165.9,563.09,7.686
1167.6,563.09,7.687
1165.9,563.09,7.689
1169.3,563.09,7.69
1165.9,563.09,7.692
1167.6,563.09,7.694
1167.6,563.09,7.695
1169.3,563.09,7.697
1169.3,563.09,7.698
1164.1,563.09,7.7
1172.8,563.09,7.701
1165.9,563.09,7.703
1165.9,563.09,7.705
1167.6,563.09,7.707
1167.6,562.33,7.709
1167.6,563.09,7.71
1167.6,562.33,7.712
1167.6,563.09,7.714
1167.6,563.09,7.715
1167.6,562.33,7.717
1165.9,563.09,7.718
1165.9,562.33,7.72
1164.1,563.09,7.721
1169.3,563.09,7.723
1160.6,563.09,7.725
1165.9,562.33,7.726
1167.6,562.33,7.728
1165.9,562.33,7.729
1165.9,563.09,7.731
1167.6,562.33,7.732
1165.9,562.33,7.734
1164.1,562.33,7.736
1165.9,562.33,7.737
1165.9,563.09,7.739
1171.1,563.09,7.74
1165.9,562.33,7.742
1167.6,563.09,7.743
1165.9,562.33,7.745
1165.9,562.33,7.747
1165.9,562.33,7.748
1165.9,562.33,7.751
1169.3,562.33,7.752
1165.9,562.33,7.754
1165.9,563.09,7.756
1165.9,562.33,7.757
1165.9,562.33,7.759
1172.8,562.33,7.76
1165.9,562.33,7.762
1165.9,562.33,7.763
1167.6,562.33,7.765
1165.9,562.33,7.767
1165.9,562.33,7.768
1165.9,562.33,7.77
1162.4,562.33,7.771
1165.9,562.33,7.773
1164.1,562.33,7.774
1164.1,562.33,7.776
1158.9,562.33,7.778
1165.9,562.33,7.779
1167.6,562.33,7.781
1165.9,561.56,7.782
1164.1,562.33,7.784
1164.1,562.33,7.785
1164.1,561.56,7.787
1164.1,562.33,7.789
1165.9,561.56,7.79
1164.1,561.56,7.793
1164.1,561.56,7.794
1165.9,562.33,7.796
1167.6,561.56,7.798
1165.9,562.33,7.799
1165.9,562.33,7.801
1165.9,562.33,7.802
1160.6,562.33,7.804
1165.9,562.33,7.805
1158.9,561.56,7.807
1165.9,561.56,7.809
1164.1,561.56,7.81
1165.9,561.56,7.812
1164.1,561.56,7.813
1165.9,561.56,7.815
1155.4,561.56,7.816
1164.1,562.33,7.818
1164.1,561.56,7.82
1164.1,561.56,7.821
1162.4,561.56,7.823
1165.9,561.56,7.824
1165.9,561.56,7.826
1160.6,561.56,7.828
1164.1,562.33,7.829
1165.9,560.8,7.831
1164.1,561.56,7.832
1165.9,561.56,7.835
1165.9,561.56,7.836
1164.1,561.56,7.838
1162.4,561.56,7.84
1165.9,561.56,7.841
1164.1,561.56,7.843
1162.4,561.56,7.844
1164.1,562.33,7.846
1165.9,561.56,7.847
1162.4,561.56,7.849
1158.9,561.56,7.851
1162.4,561.56,7.852
1162.4,561.56,7.854
1162.4,561.56,7.855
1165.9,561.56,7.857
1164.1,561.56,7.858
1164.1,561.56,7.86
1164.1,561.56,7.862
1164.1,561.56,7.863
1164.1,561.56,7.865
1162.4,561.56,7.866
1164.1,561.56,7.868
1162.4,561.56,7.87
1164.1,560.8,7.871
1164.1,560.8,7.873
1165.9,560.8,7.874
1162.4,561.56,7.876
1165.9,561.56,7.878
1160.6,561.56,7.88
1172.8,560.8,7.882
1162.4,560.8,7.883
1162.4,561.56,7.885
1160.6,561.56,7.886
1162.4,560.8,7.888
1162.4,560.8,7.889
1162.4,560.8,7.891
1162.4,561.56,7.893
1162.4,560.8,7.894
1160.6,561.56,7.896
1158.9,560.8,7.897
1162.4,561.56,7.899
1162.4,560.8,7.9
1158.9,560.8,7.902
1169.3,560.8,7.904
1162.4,561.56,7.905
1162.4,560.8,7.907
1164.1,560.8,7.908
1164.1,560.8,7.91
1157.1,560.8,7.912
1164.1,560.8,7.913
1169.3,560.8,7.915
1165.9,561.56,7.916
1164.1,560.8,7.918
1162.4,560.8,7.92
1164.1,560.8,7.922
1162.4,560.8,7.924
1164.1,560.8,7.925
1162.4,560.8,7.927
1162.4,560.8,7.928
1160.6,560.8,7.93
1164.1,560.8,7.931
1164.1,560.03,7.933
1162.4,560.8,7.935
1162.4,560.03,7.936
1165.9,560.8,7.938
1158.9,560.8,7.939
1160.6,560.8,7.941
1160.6,560.8,7.942
1164.1,560.8,7.944
1162.4,560.8,7.946
1162.4,560.8,7.947
1164.1,560.8,7.949
1164.1,560.8,7.95
1164.1,560.03,7.952
1160.6,560.8,7.954
1162.4,560.8,7.955
1165.9,560.03,7.957
1162.4,560.8,7.958
1160.6,560.03,7.96
1162.4,560.03,7.961
1165.9,560.8,7.964
1162.4,560.03,7.966
1162.4,560.8,7.967
1155.4,560.03,7.969
1162.4,560.8,7.97
1162.4,560.8,7.972
1162.4,560.8,7.973
1162.4,560.8,7.975
1160.6,560.03,7.977
1162.4,560.03,7.978
1162.4,560.03,7.98
1160.6,560.8,7.981
1160.6,560.03,7.983
1153.6,560.03,7.984
1162.4,560.03,7.986
1153.6,560.03,7.988
1158.9,560.03,7.989
1162.4,560.03,7.991
1162.4,560.8,7.992
1162.4,560.03,7.994
1167.6,560.03,7.996
1160.6,560.03,7.997
1160.6,560.03,7.999
1162.4,560.03,8
1171.1,560.03,8.002
1171.1,560.03,8.003
1171.1,560.03,8.006
1167.6,560.03,8.008
1167.6,560.03,8.009
1169.3,560.03,8.011
1160.6,560.03,8.012
1158.9,560.03,8.014
1165.9,563.86,8.015
1172.8,566.16,8.017
1181.6,567.69,8.019
1183.3,569.98,8.02
1186.8,572.28,8.022
1185,574.58,8.023
1195.5,575.34,8.025
1199,576.87,8.026
1202.5,578.4,8.028
1202.5,579.93,8.03
1204.2,577.64,8.031
1207.7,577.64,8.033
1199,576.87,8.034
1197.3,573.05,8.036
1192,574.58,8.038
1188.5,571.51,8.039
1188.5,572.28,8.041
1192,574.58,8.042
1193.8,573.81,8.044
1195.5,575.34,8.045
1199,575.34,8.048
1199,576.87,8.05
1199,578.4,8.051
1200.7,576.11,8.053
1192,576.11,8.054
1195.5,574.58,8.056
1193.8,574.58,8.057
1192,573.05,8.059
1190.3,573.05,8.061
1190.3,573.05,8.062
1197.3,573.81,8.064
1193.8,574.58,8.065
1195.5,574.58,8.067
1199,576.11,8.068
1193.8,576.11,8.07
1197.3,576.11,8.072
1197.3,576.11,8.073
1195.5,574.58,8.075
1193.8,574.58,8.076
1193.8,573.81,8.078
1192,573.05,8.08
1185,573.05,8.081
1193.8,572.28,8.083
1192,573.81,8.084
1193.8,574.58,8.086
1188.5,575.34,8.087
1195.5,575.34,8.089
1195.5,575.34,8.092
1197.3,575.34,8.093
1195.5,574.58,8.095
1195.5,574.58,8.096
1192,573.81,8.098
1190.3,573.81,8.099
1190.3,573.05,8.101
1197.3,573.05,8.103
1190.3,573.05,8.104
1190.3,573.81,8.106
1193.8,573.81,8.107
1193.8,574.58,8.109
1202.5,574.58,8.111
1195.5,573.81,8.112
1195.5,574.58,8.114
1193.8,574.58,8.115
1195.5,573.81,8.117
1192,573.05,8.118
1190.3,573.05,8.12
1190.3,573.05,8.122
1190.3,573.05,8.123
1190.3,573.05,8.125
1188.5,573.81,8.126
1192,573.81,8.128
1190.3,573.81,8.129
1202.5,573.81,8.131
1192,573.81,8.134
1192,574.58,8.135
1192,573.81,8.137
1195.5,573.81,8.138
1192,573.81,8.14
1190.3,573.05,8.141
1192,573.05,8.143
1192,573.05,8.145
1197.3,573.05,8.146
1190.3,573.81,8.148
1192,573.81,8.149
1188.5,573.81,8.151
1190.3,573.81,8.153
1193.8,573.81,8.154
1193.8,573.81,8.156
1192,573.05,8.157
1193.8,573.05,8.159
1190.3,573.05,8.16
1195.5,573.05,8.162
1190.3,573.05,8.164
1190.3,573.05,8.165
1192,573.05,8.167
1192,573.05,8.168
1190.3,573.05,8.17
1197.3,573.05,8.171
1190.3,573.05,8.173
1192,573.81,8.176
1192,573.81,8.177
1192,573.81,8.179
1186.8,573.05,8.18
1190.3,573.05,8.182
1188.5,573.05,8.183
1190.3,573.05,8.185
1188.5,573.05,8.187
1188.5,573.05,8.188
1190.3,573.05,8.19
1190.3,573.05,8.191
1192,573.05,8.193
1195.5,573.05,8.195
1190.3,573.05,8.196
1188.5,573.05,8.198
1193.8,573.05,8.199
1190.3,572.28,8.201
1192,573.05,8.202
1190.3,572.28,8.204
1188.5,572.28,8.206
1192,572.28,8.207
1190.3,573.05,8.209
1190.3,573.05,8.21
1190.3,573.05,8.212
1190.3,573.05,8.213
1190.3,573.05,8.215
1188.5,572.28,8.217
1193.8,573.05,8.219
1185,573.05,8.221
1188.5,573.05,8.222
1188.5,572.28,8.224
1188.5,572.28,8.225
1195.5,572.28,8.227
1188.5,573.05,8.229
1190.3,572.28,8.23
1183.3,572.28,8.232
1181.6,572.28,8.233
1183.3,573.05,8.235
1197.3,573.05,8.237
1190.3,572.28,8.238
1188.5,573.05,8.24
1199,572.28,8.241
1190.3,572.28,8.243
1190.3,572.28,8.244
1186.8,572.28,8.246
1188.5,572.28,8.248
1188.5,572.28,8.249
1190.3,572.28,8.251
1192,572.28,8.252
1188.5,572.28,8.254
1190.3,572.28,8.255
1190.3,572.28,8.257
1190.3,572.28,8.259
1197.3,572.28,8.26
1188.5,572.28,8.263
1188.5,572.28,8.264
1195.5,572.28,8.266
1188.5,572.28,8.267
1195.5,571.51,8.269
1186.8,571.51,8.271
1186.8,572.28,8.272
1186.8,572.28,8.274
1188.5,572.28,8.275
1186.8,571.51,8.277
1190.3,572.28,8.279
1188.5,572.28,8.28
1181.6,572.28,8.282
1188.5,572.28,8.283
1188.5,572.28,8.285
1186.8,572.28,8.286
1185,572.28,8.288
1190.3,572.28,8.29
1188.5,571.51,8.291
1188.5,573.05,8.293
1188.5,572.28,8.294
1186.8,572.28,8.296
1188.5,572.28,8.297
1190.3,572.28,8.299
1183.3,572.28,8.301
1188.5,571.51,8.302
1188.5,572.28,8.305
1188.5,571.51,8.306
1186.8,572.28,8.308
1188.5,571.51,8.309
1188.5,572.28,8.311
1188.5,571.51,8.313
1188.5,571.51,8.314
1188.5,572.28,8.316
1188.5,572.28,8.317
1195.5,571.51,8.319
1186.8,571.51,8.321
1188.5,571.51,8.322
1186.8,571.51,8.324
1190.3,572.28,8.325
1192,571.51,8.327
1185,572.28,8.328
1186.8,571.51,8.33
1186.8,571.51,8.332
1186.8,571.51,8.333
1188.5,571.51,8.335
1188.5,571.51,8.336
1185,571.51,8.338
1179.8,571.51,8.339
1186.8,571.51,8.341
1190.3,571.51,8.343
1186.8,571.51,8.344
1183.3,571.51,8.347
1186.8,571.51,8.348
1185,571.51,8.35
1195.5,571.51,8.351
1188.5,571.51,8.353
1188.5,571.51,8.355
1186.8,571.51,8.356
1188.5,571.51,8.358
1193.8,571.51,8.359
1186.8,571.51,8.361
1186.8,571.51,8.363
1186.8,571.51,8.364
1193.8,571.51,8.366
1188.5,571.51,8.367
1193.8,571.51,8.369
1186.8,570.75,8.37
1186.8,571.51,8.372
1185,571.51,8.374
1186.8,571.51,8.375
1186.8,571.51,8.377
1186.8,571.51,8.378
1186.8,570.75,8.38
1181.6,570.75,8.381
1188.5,570.75,8.383
1185,571.51,8.385
1185,571.51,8.386
1183.3,571.51,8.388
1186.8,571.51,8.39
1186.8,570.75,8.392
1186.8,571.51,8.394
1186.8,570.75,8.395
1186.8,571.51,8.397
1185,570.75,8.398
1186.8,571.51,8.4
1186.8,570.75,8.401
1186.8,570.75,8.403
1190.3,570.75,8.405
1186.8,570.75,8.406
1185,570.75,8.408
1186.8,571.51,8.409
1186.8,570.75,8.411
1186.8,570.75,8.412
1185,570.75,8.414
1186.8,571.51,8.416
1185,570.75,8.417
1186.8,570.75,8.419
1186.8,570.75,8.42
1185,570.75,8.422
1188.5,570.75,8.423
1186.8,570.75,8.425
1185,570.75,8.427
1179.8,571.51,8.428
1185,570.75,8.43
1186.8,570.75,8.432
1185,570.75,8.434
1183.3,570.75,8.436
1186.8,570.75,8.437
1185,570.75,8.439
1185,570.75,8.44
1185,570.75,8.442
1188.5,570.75,8.443
1185,569.98,8.445
1183.3,570.75,8.447
1190.3,570.75,8.448
1185,570.75,8.45
1178.1,570.75,8.451
1186.8,570.75,8.453
1183.3,570.75,8.454
1185,570.75,8.456
1186.8,570.75,8.458
1186.8,570.75,8.459
1185,570.75,8.461
1192,570.75,8.462
1183.3,570.75,8.464
1186.8,570.75,8.465
1178.1,570.75,8.467
1188.5,569.98,8.469
1185,570.75,8.47
1183.3,570.75,8.472
1188.5,570.75,8.473
1186.8,570.75,8.476
1185,570.75,8.478
1185,570.75,8.479
1183.3,570.75,8.481
1183.3,570.75,8.482
1185,570.75,8.484
1183.3,570.75,8.485
1183.3,570.75,8.487
1190.3,570.75,8.489
1183.3,570.75,8.49
1183.3,569.98,8.492
1181.6,570.75,8.493
1185,570.75,8.495
1186.8,569.98,8.496
1183.3,570.75,8.498
1185,570.75,8.5
1193.8,569.98,8.501
1197.3,570.75,8.503
1195.5,569.98,8.504
1193.8,569.98,8.506
1193.8,570.75,8.507
1195.5,569.98,8.509
1195.5,569.98,8.511
1183.3,569.98,8.512
1188.5,573.81,8.514
1192,576.11,8.515
1199,576.87,8.518
1207.7,579.93,8.52
1202.5,581.46,8.521
1211.2,583,8.523
1225.2,584.53,8.524
1218.2,585.29,8.526
1221.7,586.82,8.527
1225.2,588.35,8.529
1225.2,589.12,8.531
1228.7,589.12,8.532
1228.7,588.35,8.534
1221.7,586.06,8.535
1221.7,586.82,8.537
1218.2,584.53,8.538
1216.4,583,8.54
1219.9,583.76,8.542
1214.7,583,8.543
1214.7,585.29,8.545
1218.2,585.29,8.546
1221.7,585.29,8.548
1223.4,587.59,8.549
1225.2,587.59,8.551
1225.2,587.59,8.553
1219.9,586.82,8.554
1219.9,585.29,8.556
1219.9,585.29,8.557
1218.2,584.53,8.56
1206,583.76,8.562
1207.7,583.76,8.563
1216.4,583.76,8.565
1216.4,584.53,8.566
1218.2,584.53,8.568
1219.9,586.06,8.569
1218.2,586.06,8.571
1221.7,586.06,8.573
1221.7,586.06,8.574
1216.4,585.29,8.576
1218.2,584.53,8.577
1221.7,584.53,8.579
1211.2,583.76,8.58
1213,584.53,8.582
1214.7,583.76,8.584
1214.7,584.53,8.585
1216.4,584.53,8.587
1214.7,584.53,8.588
1219.9,585.29,8.59
1216.4,585.29,8.591
1219.9,585.29,8.593
1219.9,585.29,8.595
1218.2,585.29,8.596
1218.2,584.53,8.598
1216.4,584.53,8.599
1211.2,584.53,8.601
1214.7,583.76,8.604
1214.7,584.53,8.605
1218.2,584.53,8.607
1218.2,584.53,8.608
1216.4,584.53,8.61
1216.4,585.29,8.611
1218.2,585.29,8.613
1213,584.53,8.615
1218.2,585.29,8.616
1221.7,585.29,8.618
1218.2,584.53,8.619
1216.4,584.53,8.621
1216.4,583.76,8.622
1214.7,583.76,8.624
1216.4,583.76,8.626
1214.7,583.76,8.627
1214.7,583.76,8.629
1213,584.53,8.63
1216.4,584.53,8.632
1218.2,584.53,8.633
1214.7,584.53,8.635
1216.4,584.53,8.637
1216.4,583.76,8.638
1216.4,584.53,8.64
1218.2,583.76,8.641
1216.4,583.76,8.643
1213,583,8.646
1214.7,583.76,8.647
1211.2,584.53,8.649
1214.7,583.76,8.65
1209.5,584.53,8.652
1216.4,584.53,8.653
1216.4,584.53,8.655
1216.4,583.76,8.657
1216.4,584.53,8.658
1221.7,583.76,8.66
1213,583.76,8.661
1216.4,583.76,8.663
1214.7,583.76,8.664
1214.7,583,8.666
1214.7,583.76,8.668
1216.4,583.76,8.669
1214.7,583.76,8.671
1214.7,583.76,8.672
1225.2,583.76,8.674
1218.2,583.76,8.676
1214.7,583.76,8.677
1218.2,583.76,8.679
1221.7,583.76,8.68
1214.7,583.76,8.682
1221.7,583.76,8.683
1214.7,583,8.685
1214.7,583.76,8.688
1211.2,583,8.689
1213,583.76,8.691
1213,583,8.692
1214.7,583.76,8.694
1214.7,583.76,8.695
1213,583.76,8.697
1216.4,583.76,8.699
1219.9,583.76,8.7
1213,583.76,8.702
1214.7,583,8.703
1211.2,583,8.705
1213,583.76,8.706
1214.7,583,8.708
1207.7,583,8.71
1213,583.76,8.711
1213,583,8.713
1213,583,8.714
1214.7,583.76,8.716
1213,583,8.718
1209.5,583.76,8.719
1207.7,583,8.721
1213,583,8.722
1214.7,583,8.724
1213,583,8.725
1213,583,8.727
1213,583,8.729
1213,583,8.731
1216.4,583,8.733
1211.2,583,8.734
1213,583,8.736
1213,583,8.737
1211.2,583.76,8.739
1209.5,583,8.741
1213,583,8.742
1211.2,583,8.744
1213,583,8.745
1211.2,583,8.747
1213,583,8.748
1204.2,583,8.75
1213,583,8.752
1213,583,8.753
1213,583,8.755
1213,583,8.756
1213,583,8.758
1213,583,8.76
1213,583,8.761
1211.2,583,8.763
1213,583,8.764
1209.5,583,8.766
1213,583,8.767
1213,582.23,8.769
1211.2,583,8.771
1211.2,583,8.772
1213,583,8.775
1213,583,8.776
1218.2,583,8.778
1213,583,8.779
1213,583,8.781
1218.2,583,8.783
1207.7,582.23,8.784
1214.7,583,8.786
1209.5,583,8.787
1211.2,582.23,8.789
1207.7,582.23,8.79
1213,582.23,8.792
1213,582.23,8.794
1211.2,582.23,8.795
1207.7,582.23,8.797
1213,582.23,8.798
1218.2,583,8.8
1211.2,583,8.802
1213,582.23,8.803
1214.7,582.23,8.805
1211.2,583,8.806
1211.2,582.23,8.808
1211.2,583,8.809
1211.2,582.23,8.811
1202.5,582.23,8.813
1211.2,582.23,8.814
1211.2,582.23,8.817
1211.2,582.23,8.818
1213,582.23,8.82
1211.2,582.23,8.821
1211.2,582.23,8.823
1211.2,582.23,8.825
1211.2,582.23,8.826
1211.2,582.23,8.828
1204.2,582.23,8.829
1214.7,582.23,8.831
1213,582.23,8.832
1209.5,582.23,8.834
1211.2,582.23,8.836
1211.2,582.23,8.837
1213,582.23,8.839
1211.2,582.23,8.84
1219.9,582.23,8.842
1207.7,582.23,8.844
1207.7,582.23,8.845
1211.2,582.23,8.847
1209.5,582.23,8.848
1200.7,582.23,8.85
1209.5,582.23,8.851
1209.5,582.23,8.853
1211.2,582.23,8.855
1211.2,582.23,8.856
1211.2,582.23,8.859
1206,581.46,8.86
1211.2,582.23,8.862
1213,582.23,8.863
1213,582.23,8.865
1209.5,582.23,8.867
1209.5,582.23,8.868
1207.7,582.23,8.87
1211.2,581.46,8.871
1211.2,581.46,8.873
1211.2,582.23,8.874
1213,581.46,8.876
1218.2,581.46,8.878
1207.7,581.46,8.879
1211.2,582.23,8.881
1200.7,582.23,8.882
1211.2,582.23,8.884
1209.5,581.46,8.886
1209.5,581.46,8.887
1209.5,582.23,8.889
1209.5,581.46,8.89
1211.2,581.46,8.892
1211.2,582.23,8.893
1207.7,582.23,8.895
1211.2,581.46,8.897
1211.2,581.46,8.898
1209.5,581.46,8.9
1207.7,581.46,8.902
1209.5,581.46,8.904
1209.5,582.23,8.905
1209.5,582.23,8.907
1209.5,582.23,8.909
1207.7,581.46,8.91
1206,581.46,8.912
1206,581.46,8.913
1211.2,581.46,8.915
1204.2,582.23,8.917
1209.5,581.46,8.918
1211.2,581.46,8.92
1211.2,582.23,8.921
1207.7,581.46,8.923
1207.7,581.46,8.924
1207.7,581.46,8.926
1211.2,581.46,8.928
1211.2,581.46,8.929
1207.7,581.46,8.931
1213,581.46,8.932
1211.2,581.46,8.934
1207.7,581.46,8.935
1214.7,581.46,8.937
1209.5,581.46,8.939
1211.2,581.46,8.94
1209.5,581.46,8.942
1209.5,581.46,8.944
1207.7,581.46,8.946
1209.5,581.46,8.947
1207.7,581.46,8.949
1209.5,581.46,8.951
1209.5,581.46,8.952
1216.4,581.46,8.954
1207.7,581.46,8.955
1209.5,581.46,8.957
1209.5,581.46,8.959
1209.5,581.46,8.96
1204.2,581.46,8.962
1206,580.7,8.963
1209.5,581.46,8.965
1209.5,581.46,8.966
1207.7,581.46,8.968
1209.5,581.46,8.97
1204.2,581.46,8.971
1211.2,581.46,8.973
1207.7,581.46,8.974
1207.7,581.46,8.976
1207.7,581.46,8.977
1207.7,581.46,8.979
1214.7,581.46,8.981
1211.2,580.7,8.982
1209.5,581.46,8.984
1209.5,581.46,8.985
1207.7,580.7,8.988
1207.7,581.46,8.989
1204.2,581.46,8.991
1207.7,581.46,8.993
1206,581.46,8.994
1207.7,580.7,8.996
1209.5,581.46,8.997
1209.5,581.46,8.999
1207.7,581.46,9.001
1218.2,581.46,9.002
1221.7,580.7,9.004
1226.9,580.7,9.005
1216.4,581.46,9.007
1218.2,580.7,9.008
1218.2,580.7,9.01
1213,580.7,9.012
1209.5,580.7,9.013
1216.4,584.53,9.015
1218.2,586.06,9.016
1219.9,586.82,9.018
1225.2,588.35,9.019
1226.9,590.65,9.021
1232.1,591.41,9.023
1235.6,592.95,9.024
1237.4,593.71,9.026
1242.6,595.24,9.027
1242.6,596.77,9.03
1244.4,597.54,9.031
1246.1,597.54,9.033
1242.6,596.77,9.035
1240.9,594.48,9.036
1239.1,595.24,9.038
1237.4,592.95,9.039
1235.6,592.18,9.041
1239.1,592.95,9.043
1230.4,592.18,9.044
1235.6,593.71,9.046
1237.4,594.48,9.047
1239.1,593.71,9.049
1239.1,596.01,9.05
1246.1,595.24,9.052
1246.1,596.01,9.054
1240.9,595.24,9.055
1239.1,594.48,9.057
1237.4,594.48,9.058
1237.4,592.95,9.06
1226.9,592.95,9.061
1235.6,592.95,9.063
1235.6,592.95,9.065
1235.6,593.71,9.066
1239.1,594.48,9.068
1239.1,594.48,9.069
1239.1,594.48,9.072
1240.9,595.24,9.073
1246.1,595.24,9.075
1239.1,594.48,9.077
1239.1,593.71,9.078
1239.1,592.95,9.08
1237.4,592.95,9.081
1239.1,592.18,9.083
1233.9,592.18,9.085
1228.7,592.95,9.086
1235.6,592.95,9.088
1235.6,593.71,9.089
1233.9,593.71,9.091
1240.9,594.48,9.092
1239.1,594.48,9.094
1237.4,594.48,9.096
1237.4,593.71,9.097
1235.6,592.95,9.099
1235.6,592.95,9.1
1237.4,592.95,9.102
1235.6,592.18,9.103
1235.6,592.95,9.105
1235.6,592.95,9.107
1237.4,592.95,9.108
1239.1,592.95,9.11
1237.4,593.71,9.111
1237.4,593.71,9.113
1237.4,593.71,9.115
1239.1,593.71,9.117
1239.1,593.71,9.119
1237.4,592.95,9.12
1232.1,592.95,9.122
1233.9,592.95,9.123
1235.6,592.95,9.125
1235.6,592.18,9.127
1232.1,592.95,9.128
1235.6,592.95,9.13
1235.6,592.95,9.131
1239.1,593.71,9.133
1237.4,592.95,9.134
1235.6,593.71,9.136
1237.4,592.95,9.138
1233.9,592.95,9.139
1235.6,592.95,9.141
1237.4,592.18,9.142
1235.6,592.18,9.144
1233.9,592.18,9.145
1233.9,592.95,9.147
1235.6,592.18,9.149
1235.6,592.18,9.15
1233.9,592.95,9.152
1235.6,592.95,9.153
1235.6,592.95,9.155
1235.6,592.95,9.156
1237.4,592.95,9.159
1233.9,592.95,9.161
1233.9,592.95,9.162
1235.6,592.95,9.164
1235.6,591.41,9.165
1233.9,592.18,9.167
1228.7,592.18,9.169
1235.6,592.18,9.17
1235.6,592.18,9.172
1233.9,592.18,9.173
1235.6,592.95,9.175
1235.6,592.95,9.176
1233.9,592.95,9.178
1237.4,592.95,9.18
1240.9,592.95,9.181
1233.9,592.95,9.183
1235.6,592.18,9.184
1233.9,592.18,9.186
1233.9,592.18,9.187
1233.9,592.18,9.189
1235.6,592.95,9.191
1235.6,592.18,9.192
1235.6,592.95,9.194
1235.6,592.18,9.195
1233.9,592.18,9.197
1233.9,592.95,9.2
1233.9,592.18,9.201
1232.1,592.95,9.203
1233.9,592.18,9.204
1230.4,592.18,9.206
1232.1,591.41,9.207
1235.6,592.18,9.209
1233.9,592.18,9.211
1239.1,592.18,9.212
1233.9,592.18,9.214
1232.1,592.18,9.215
1237.4,592.18,9.217
1235.6,592.18,9.218
1235.6,592.18,9.22
1233.9,592.18,9.222
1232.1,592.18,9.223
1237.4,592.18,9.225
1233.9,592.18,9.226
1233.9,592.18,9.228
1233.9,592.18,9.229
1233.9,592.18,9.231
1233.9,592.18,9.233
1239.1,592.18,9.234
1233.9,592.18,9.236
1233.9,592.18,9.237
1237.4,592.18,9.239
1228.7,592.18,9.241
1233.9,591.41,9.243
1233.9,591.41,9.245
1233.9,592.18,9.246
1235.6,592.18,9.248
1237.4,591.41,9.249
1230.4,592.18,9.251
1230.4,591.41,9.253
1233.9,591.41,9.254
1232.1,592.18,9.256
1233.9,591.41,9.257
1228.7,591.41,9.259
1233.9,592.18,9.26
1233.9,592.18,9.262
1233.9,591.41,9.264
1232.1,591.41,9.265
1232.1,591.41,9.267
1232.1,592.18,9.268
1230.4,591.41,9.27
1233.9,591.41,9.271
1232.1,592.18,9.273
1233.9,591.41,9.275
1232.1,591.41,9.276
1233.9,591.41,9.278
1232.1,591.41,9.279
1232.1,592.18,9.281
1233.9,591.41,9.283
1232.1,591.41,9.284
1232.1,591.41,9.287
1232.1,591.41,9.288
1232.1,591.41,9.29
1232.1,591.41,9.291
1232.1,591.41,9.293
1232.1,591.41,9.295
1232.1,591.41,9.296
1235.6,591.41,9.298
1232.1,591.41,9.299
1233.9,591.41,9.301
1228.7,591.41,9.302
1239.1,591.41,9.304
1232.1,591.41,9.306
1232.1,591.41,9.307
1228.7,591.41,9.309
1232.1,590.65,9.31
1232.1,591.41,9.312
1232.1,591.41,9.313
1232.1,591.41,9.315
1233.9,591.41,9.317
1232.1,591.41,9.318
1237.4,591.41,9.32
1232.1,591.41,9.321
1232.1,591.41,9.323
1233.9,591.41,9.325
1232.1,591.41,9.326
1230.4,591.41,9.329
1237.4,591.41,9.33
1230.4,590.65,9.332
1233.9,591.41,9.333
1230.4,591.41,9.335
1232.1,590.65,9.337
1230.4,591.41,9.338
1232.1,590.65,9.34
1232.1,591.41,9.341
1232.1,590.65,9.343
1235.6,591.41,9.344
1232.1,591.41,9.346
1233.9,591.41,9.348
1232.1,591.41,9.349
1235.6,590.65,9.351
1230.4,590.65,9.352
1232.1,590.65,9.354
1230.4,590.65,9.355
1223.4,590.65,9.357
1232.1,591.41,9.359
1230.4,591.41,9.36
1230.4,591.41,9.362
1232.1,590.65,9.363
1230.4,590.65,9.365
1228.7,590.65,9.367
1230.4,591.41,9.368
1230.4,591.41,9.371
1228.7,590.65,9.372
1232.1,591.41,9.374
1228.7,590.65,9.375
1232.1,590.65,9.377
1230.4,590.65,9.379
1226.9,590.65,9.38
1235.6,591.41,9.382
1230.4,590.65,9.383
1228.7,591.41,9.385
1228.7,590.65,9.386
1230.4,590.65,9.388
1228.7,590.65,9.39
1228.7,590.65,9.391
1230.4,590.65,9.393
1228.7,590.65,9.394
1228.7,591.41,9.396
1230.4,590.65,9.397
1232.1,590.65,9.399
1232.1,590.65,9.401
1226.9,590.65,9.402
1226.9,590.65,9.404
1228.7,590.65,9.405
1228.7,590.65,9.407
1232.1,590.65,9.409
1230.4,590.65,9.41
1232.1,590.65,9.412
1230.4,590.65,9.414
1230.4,590.65,9.416
1230.4,590.65,9.417
1230.4,590.65,9.419
1232.1,590.65,9.421
1233.9,590.65,9.422
1230.4,590.65,9.424
1230.4,590.65,9.425
1228.7,590.65,9.427
1228.7,590.65,9.428
1230.4,590.65,9.43
1228.7,590.65,9.432
1228.7,590.65,9.433
1228.7,589.88,9.435
1225.2,590.65,9.436
1230.4,590.65,9.438
1228.7,590.65,9.439
1228.7,589.88,9.441
1228.7,590.65,9.443
1225.2,590.65,9.444
1230.4,590.65,9.446
1228.7,589.88,9.447
1223.4,589.88,9.449
1226.9,589.88,9.451
1228.7,589.88,9.452
1232.1,589.88,9.454
1230.4,590.65,9.456
1228.7,590.65,9.458
1232.1,590.65,9.459
1228.7,590.65,9.461
1232.1,589.88,9.463
1230.4,590.65,9.464
1230.4,590.65,9.466
1232.1,590.65,9.467
1228.7,590.65,9.469
1230.4,590.65,9.47
1228.7,590.65,9.472
1228.7,590.65,9.474
1226.9,589.88,9.475
1225.2,590.65,9.477
1228.7,589.88,9.478
1223.4,590.65,9.48
1226.9,590.65,9.482
1228.7,589.88,9.483
1226.9,589.88,9.485
1225.2,590.65,9.486
1228.7,589.88,9.488
1226.9,590.65,9.489
1233.9,589.88,9.491
1228.7,589.88,9.493
1228.7,589.88,9.494
1228.7,589.88,9.496
1228.7,590.65,9.497
1232.1,590.65,9.5
1237.4,589.88,9.501
1244.4,590.65,9.503
1240.9,589.88,9.505
1237.4,589.88,9.506
1239.1,589.88,9.508
1239.1,589.88,9.509
1237.4,589.88,9.511
1228.7,589.88,9.512
1232.1,592.95,9.514
1237.4,593.71,9.516
1239.1,594.48,9.517
1242.6,596.77,9.519
1246.1,598.3,9.52
1249.6,599.07,9.522
1249.6,600.6,9.524
1253.1,600.6,9.525
1254.8,602.13,9.527
1256.6,603.66,9.528
1260.1,603.66,9.53
1253.1,604.43,9.531
1258.3,602.9,9.533
1254.8,601.36,9.535
1249.6,602.13,9.536
1251.3,600.6,9.538
1247.8,599.07,9.539
1247.8,599.07,9.542
1247.8,599.07,9.543
1253.1,601.36,9.545
1253.1,601.36,9.547
1254.8,601.36,9.548
1256.6,602.9,9.55
1256.6,602.13,9.551
1256.6,602.9,9.553
1249.6,602.13,9.554
1254.8,601.36,9.556
1254.8,601.36,9.558
1251.3,599.83,9.559
1253.1,599.83,9.561
1249.6,599.83,9.562
1249.6,599.83,9.564
1253.1,600.6,9.566
1253.1,600.6,9.567
1254.8,601.36,9.569
1254.8,601.36,9.57
1254.8,602.13,9.572
1256.6,602.13,9.573
1254.8,601.36,9.575
1253.1,600.6,9.577
1260.1,600.6,9.578
1253.1,599.83,9.58
1251.3,599.83,9.581
1249.6,599.07,9.584
1253.1,600.6,9.585
1247.8,600.6,9.587
1253.1,600.6,9.589
1253.1,601.36,9.59
1261.8,601.36,9.592
1256.6,601.36,9.593
1256.6,601.36,9.595
1253.1,601.36,9.596
1253.1,600.6,9.598
1253.1,599.83,9.6
1249.6,599.83,9.601
1249.6,599.83,9.603
1251.3,599.83,9.604
1246.1,599.83,9.606
1256.6,599.83,9.608
1253.1,599.83,9.609
1253.1,600.6,9.611
1253.1,601.36,9.612
1254.8,600.6,9.614
1251.3,600.6,9.615
1249.6,600.6,9.617
1253.1,599.83,9.619
1253.1,599.83,9.62
1251.3,599.83,9.622
1249.6,599.83,9.623
1258.3,599.83,9.625
1246.1,599.83,9.627
1249.6,599.83,9.629
1253.1,600.6,9.631
1246.1,600.6,9.632
1253.1,600.6,9.634
1253.1,600.6,9.635
1251.3,600.6,9.637
1251.3,600.6,9.638
1251.3,599.83,9.64
1249.6,599.83,9.642
1251.3,599.83,9.643
1251.3,599.83,9.645
1249.6,599.83,9.646
1249.6,599.83,9.648
1249.6,599.07,9.65
1253.1,599.83,9.651
1249.6,600.6,9.653
1253.1,600.6,9.654
1254.8,600.6,9.656
1251.3,600.6,9.657
1254.8,599.83,9.659
1246.1,599.83,9.661
1249.6,599.83,9.662
1254.8,599.83,9.664
1247.8,599.07,9.665
1251.3,599.07,9.667
1253.1,599.83,9.668
1253.1,599.83,9.671
1253.1,599.83,9.673
1251.3,599.83,9.674
1251.3,599.83,9.676
1253.1,599.83,9.677
1251.3,599.83,9.679
1251.3,599.83,9.68
1249.6,599.83,9.682
1249.6,599.07,9.684
1247.8,599.07,9.685
1249.6,599.83,9.687
1251.3,599.07,9.688
1249.6,599.83,9.69
1251.3,599.83,9.692
1251.3,599.83,9.693
1251.3,599.83,9.695
1251.3,599.83,9.696
1249.6,599.83,9.698
1251.3,599.83,9.699
1251.3,599.83,9.701
1249.6,599.83,9.703
1251.3,599.07,9.704
1247.8,599.07,9.706
1247.8,599.07,9.707
1251.3,599.07,9.709
1249.6,599.07,9.71
1253.1,599.07,9.713
1249.6,599.07,9.715
1249.6,599.83,9.716
1249.6,599.83,9.718
1254.8,599.07,9.719
1251.3,599.83,9.721
1249.6,599.07,9.722
1247.8,599.07,9.724
1251.3,599.83,9.726
1249.6,599.07,9.727
1247.8,599.07,9.729
1247.8,599.07,9.73
1247.8,599.07,9.732
1249.6,599.07,9.734
1251.3,599.07,9.735
1253.1,599.07,9.737
1249.6,599.07,9.738
1247.8,599.07,9.74
1256.6,599.07,9.741
1249.6,599.07,9.743
1246.1,599.07,9.745
1247.8,599.07,9.746
1247.8,599.07,9.748
1249.6,599.07,9.749
1247.8,599.07,9.751
1246.1,599.07,9.752
1249.6,599.07,9.755
1249.6,599.07,9.757
1251.3,599.07,9.758
1249.6,599.07,9.76
1249.6,599.07,9.761
1247.8,599.07,9.763
1247.8,599.07,9.765
1249.6,599.07,9.766
1247.8,599.07,9.768
1249.6,599.07,9.769
1249.6,599.07,9.771
1246.1,599.07,9.772
1247.8,599.07,9.774
1247.8,599.07,9.776
1249.6,599.07,9.777
1249.6,599.07,9.779
1256.6,599.07,9.78
1251.3,598.3,9.782
1247.8,598.3,9.783
1249.6,598.3,9.785
1249.6,599.07,9.787
1247.8,599.07,9.788
1247.8,598.3,9.79
1247.8,599.07,9.791
1246.1,598.3,9.793
1249.6,598.3,9.794
1247.8,599.07,9.796
1244.4,599.07,9.799
1247.8,598.3,9.8
1249.6,598.3,9.802
1249.6,598.3,9.803
1249.6,598.3,9.805
1247.8,598.3,9.807
1246.1,599.07,9.808
1247.8,598.3,9.81
1244.4,598.3,9.811
1247.8,598.3,9.813
1247.8,598.3,9.814
1247.8,598.3,9.816
1247.8,599.07,9.818
1249.6,598.3,9.819
1242.6,598.3,9.821
1247.8,598.3,9.822
1247.8,599.07,9.824
1249.6,599.07,9.825
1251.3,598.3,9.827
1247.8,598.3,9.829
1247.8,598.3,9.83
1247.8,598.3,9.832
1246.1,598.3,9.833
1247.8,598.3,9.835
1246.1,598.3,9.836
1246.1,598.3,9.838
1240.9,598.3,9.841
1246.1,598.3,9.842
1247.8,599.07,9.844
1253.1,598.3,9.845
1246.1,598.3,9.847
1247.8,598.3,9.849
1247.8,598.3,9.85
1247.8,597.54,9.852
1246.1,598.3,9.853
1246.1,598.3,9.855
1247.8,598.3,9.856
1253.1,598.3,9.858
1246.1,598.3,9.86
1247.8,598.3,9.861
1249.6,598.3,9.863
1254.8,598.3,9.864
1244.4,598.3,9.866
1246.1,598.3,9.867
1246.1,598.3,9.869
1247.8,598.3,9.871
1246.1,598.3,9.872
1244.4,597.54,9.874
1247.8,598.3,9.875
1247.8,598.3,9.877
1247.8,598.3,9.878
1247.8,598.3,9.88
1246.1,598.3,9.883
1253.1,598.3,9.884
1247.8,598.3,9.886
1246.1,598.3,9.887
1242.6,598.3,9.889
1246.1,598.3,9.891
1246.1,598.3,9.892
1249.6,598.3,9.894
1246.1,598.3,9.895
1247.8,599.07,9.897
1244.4,597.54,9.898
1246.1,597.54,9.9
1246.1,598.3,9.902
1247.8,598.3,9.903
1242.6,598.3,9.905
1246.1,597.54,9.906
1246.1,598.3,9.908
1246.1,598.3,9.909
1240.9,598.3,9.911
1239.1,597.54,9.913
1251.3,598.3,9.914
1246.1,598.3,9.916
1249.6,597.54,9.917
1246.1,598.3,9.919
1247.8,597.54,9.92
1246.1,598.3,9.922
1244.4,597.54,9.924
1247.8,598.3,9.926
1246.1,597.54,9.928
1244.4,597.54,9.929
1246.1,598.3,9.931
1244.4,598.3,9.933
1246.1,598.3,9.934
1244.4,598.3,9.936
1246.1,597.54,9.937
1247.8,597.54,9.939
1246.1,597.54,9.94
1246.1,598.3,9.942
1246.1,597.54,9.944
1246.1,598.3,9.945
1246.1,597.54,9.947
1246.1,597.54,9.948
1246.1,597.54,9.95
1249.6,597.54,9.951
1246.1,597.54,9.953
1247.8,598.3,9.955
1246.1,597.54,9.956
1249.6,597.54,9.958
1240.9,597.54,9.959
1246.1,597.54,9.961
1247.8,597.54,9.962
1244.4,597.54,9.964
1246.1,597.54,9.966
1244.4,597.54,9.968
1239.1,597.54,9.97
1246.1,597.54,9.971
1239.1,597.54,9.973
1246.1,597.54,9.975
1246.1,597.54,9.976
1246.1,597.54,9.978
1246.1,597.54,9.979
1244.4,597.54,9.981
1244.4,597.54,9.982
1246.1,597.54,9.984
1246.1,597.54,9.986
1242.6,597.54,9.987
1244.4,597.54,9.989
1244.4,597.54,9.99
1244.4,597.54,9.992
1247.8,597.54,9.993
1244.4,597.54,9.995
1246.1,597.54,9.997
1244.4,597.54,9.998
1247.8,597.54,10
1256.6,597.54,10.001
1256.6,596.77,10.003
1254.8,597.54,10.005
1251.3,597.54,10.006
1256.6,597.54,10.008
1253.1,597.54,10.011
1249.6,597.54,10.012
1246.1,598.3,10.014
1249.6,599.07,10.016
1253.1,601.36,10.017
1253.1,602.9,10.019
1254.8,602.9,10.021
1256.6,605.19,10.022
1263.5,606.72,10.024
1265.3,606.72,10.026
1267,608.25,10.027
1270.5,608.25,10.029
1270.5,608.25,10.031
1268.8,607.49,10.032
1265.3,605.96,10.034
1263.5,605.96,10.036
1260.1,605.19,10.037
1258.3,603.66,10.039
1261.8,604.43,10.041
1261.8,604.43,10.042
1258.3,605.19,10.044
1265.3,606.72,10.046
1265.3,606.72,10.047
1268.8,606.72,10.049
1268.8,607.49,10.051
1267,605.96,10.052
1263.5,605.96,10.055
1261.8,605.96,10.057
1261.8,604.43,10.058
1260.1,604.43,10.06
1261.8,604.43,10.062
1260.1,604.43,10.063
1265.3,605.19,10.065
1263.5,605.19,10.067
1260.1,606.72,10.068
1267,606.72,10.07
1265.3,606.72,10.071
1265.3,605.96,10.073
1261.8,605.96,10.075
1263.5,605.19,10.076
1253.1,605.19,10.078
1261.8,604.43,10.08
1256.6,604.43,10.081
1261.8,604.43,10.083
1263.5,605.19,10.085
1263.5,605.96,10.086
1263.5,605.96,10.088
1267,605.96,10.09
1263.5,605.96,10.091
1260.1,606.72,10.093
1261.8,605.96,10.096
1261.8,605.19,10.097
1263.5,604.43,10.099
1263.5,604.43,10.101
1260.1,604.43,10.102
1260.1,604.43,10.104
1263.5,605.19,10.106
1261.8,605.19,10.107
1261.8,605.19,10.109
1265.3,605.96,10.111
1263.5,605.19,10.112
1270.5,605.96,10.114
1263.5,605.19,10.116
1256.6,605.19,10.117
1261.8,604.43,10.119
1260.1,604.43,10.121
1261.8,604.43,10.122
1261.8,604.43,10.124
1268.8,604.43,10.126
1263.5,605.19,10.127
1260.1,605.19,10.129
1263.5,605.19,10.131
1261.8,605.19,10.132
1263.5,605.19,10.134
1261.8,605.19,10.136
1261.8,605.19,10.137
1261.8,604.43,10.14
1261.8,604.43,10.142
1261.8,604.43,10.143
1260.1,604.43,10.145
1263.5,605.19,10.147
1263.5,604.43,10.148
1263.5,605.19,10.15
1263.5,605.19,10.152
1261.8,605.19,10.153
1258.3,605.19,10.155
1260.1,604.43,10.157
1261.8,604.43,10.158
1260.1,604.43,10.16
1260.1,604.43,10.161
1260.1,604.43,10.163
1258.3,604.43,10.165
1260.1,604.43,10.166
1260.1,604.43,10.168
1260.1,604.43,10.17
1261.8,604.43,10.171
1258.3,604.43,10.173
1260.1,605.19,10.175
1261.8,605.19,10.176
1263.5,604.43,10.178
1268.8,604.43,10.18
1263.5,604.43,10.182
1260.1,604.43,10.184
1263.5,604.43,10.186
1260.1,604.43,10.187
1261.8,604.43,10.189
1260.1,604.43,10.191
1258.3,604.43,10.192
1261.8,604.43,10.194
1260.1,604.43,10.196
1260.1,605.19,10.197
1260.1,604.43,10.199
1263.5,604.43,10.201
1256.6,604.43,10.202
1261.8,603.66,10.204
1260.1,604.43,10.206
1258.3,604.43,10.207
1267,604.43,10.209
1260.1,603.66,10.211
1260.1,604.43,10.212
1261.8,604.43,10.214
1258.3,604.43,10.216
1261.8,604.43,10.217
1256.6,604.43,10.219
1260.1,604.43,10.221
1260.1,604.43,10.222
1260.1,604.43,10.225
1258.3,604.43,10.227
1260.1,604.43,10.228
1261.8,604.43,10.23
1261.8,604.43,10.232
1261.8,604.43,10.233
1260.1,604.43,10.235
1260.1,604.43,10.237
1261.8,604.43,10.238
1261.8,604.43,10.24
1258.3,604.43,10.242
1260.1,603.66,10.243
1256.6,604.43,10.245
1258.3,604.43,10.246
1260.1,604.43,10.248
1260.1,604.43,10.25
1261.8,604.43,10.251
1260.1,604.43,10.253
1261.8,604.43,10.255
1260.1,604.43,10.256
1261.8,604.43,10.258
1260.1,604.43,10.26
1258.3,604.43,10.261
1260.1,604.43,10.263
1260.1,603.66,10.265
1265.3,604.43,10.267
1258.3,603.66,10.269
1260.1,604.43,10.271
1261.8,603.66,10.272
1260.1,603.66,10.274
1260.1,604.43,10.276
1260.1,603.66,10.277
1260.1,604.43,10.279
1258.3,604.43,10.281
1254.8,604.43,10.282
1258.3,603.66,10.284
1258.3,603.66,10.286
1260.1,603.66,10.287
1258.3,603.66,10.289
1260.1,603.66,10.291
1258.3,603.66,10.292
1260.1,604.43,10.294
1258.3,604.43,10.296
1258.3,603.66,10.297
1260.1,603.66,10.299
1258.3,603.66,10.301
1258.3,603.66,10.302
1260.1,604.43,10.304
1260.1,603.66,10.306
1260.1,603.66,10.307
1260.1,603.66,10.31
1258.3,603.66,10.312
1258.3,603.66,10.313
1258.3,603.66,10.315
1260.1,603.66,10.317
1260.1,603.66,10.318
1261.8,603.66,10.32
1267,603.66,10.322
1260.1,603.66,10.323
1260.1,603.66,10.325
1260.1,603.66,10.327
1260.1,603.66,10.328
1267,603.66,10.33
1258.3,603.66,10.331
1258.3,603.66,10.333
1258.3,603.66,10.335
1254.8,602.9,10.336
1260.1,602.9,10.338
1265.3,603.66,10.34
1258.3,603.66,10.341
1265.3,603.66,10.343
1260.1,603.66,10.345
1256.6,603.66,10.346
1258.3,603.66,10.348
1258.3,603.66,10.35
1258.3,604.43,10.352
1258.3,603.66,10.354
1270.5,603.66,10.356
1258.3,603.66,10.357
1263.5,603.66,10.359
1261.8,603.66,10.361
1260.1,603.66,10.362
1253.1,603.66,10.364
1258.3,602.9,10.366
1258.3,603.66,10.367
1258.3,603.66,10.369
1258.3,603.66,10.371
1258.3,603.66,10.372
1253.1,602.9,10.374
1258.3,602.9,10.376
1267,603.66,10.377
1260.1,603.66,10.379
1258.3,602.9,10.381
1258.3,603.66,10.382
1256.6,602.9,10.384
1258.3,603.66,10.386
1256.6,602.9,10.387
1265.3,603.66,10.389
1258.3,602.9,10.391
1258.3,602.9,10.392
1254.8,602.9,10.395
1260.1,602.9,10.397
1258.3,603.66,10.398
1256.6,602.9,10.4
1256.6,602.9,10.402
1258.3,602.9,10.403
1256.6,602.9,10.405
1256.6,602.9,10.407
1256.6,602.9,10.408
1260.1,602.9,10.41
1260.1,602.9,10.412
1258.3,602.9,10.413
1256.6,602.9,10.415
1256.6,602.9,10.417
1260.1,602.9,10.418
1258.3,602.9,10.42
1251.3,602.9,10.421
1256.6,602.9,10.423
1256.6,602.9,10.425
1256.6,603.66,10.426
1256.6,602.9,10.428
1256.6,602.9,10.43
1256.6,602.9,10.431
1254.8,602.9,10.433
1251.3,602.9,10.435
1256.6,602.9,10.436
1258.3,602.9,10.439
1256.6,602.9,10.441
1256.6,602.9,10.442
1256.6,602.9,10.444
1256.6,602.9,10.446
1256.6,602.9,10.447
1260.1,602.9,10.449
1256.6,602.9,10.451
1260.1,602.9,10.452
1256.6,602.9,10.454
1256.6,602.9,10.456
1256.6,602.9,10.457
1260.1,602.9,10.459
1254.8,602.9,10.461
1256.6,602.9,10.462
1256.6,602.9,10.464
1256.6,602.9,10.466
1256.6,602.9,10.467
1256.6,602.9,10.469
1256.6,602.9,10.471
1254.8,602.9,10.472
1256.6,602.9,10.474
1258.3,602.9,10.476
1256.6,602.9,10.477
1249.6,602.9,10.48
1258.3,602.9,10.482
1254.8,602.9,10.483
1249.6,602.9,10.485
1254.8,602.9,10.487
1254.8,602.9,10.488
1256.6,602.9,10.49
1256.6,602.9,10.492
1254.8,602.13,10.493
1256.6,602.9,10.495
1256.6,602.9,10.497
1254.8,602.9,10.498
1256.6,602.9,10.5
1267,602.13,10.502
1267,602.9,10.503
1267,602.9,10.505
1268.8,602.9,10.506
1267,602.9,10.508
1267,602.9,10.51
1261.8,602.9,10.511
1253.1,602.9,10.513
1260.1,604.43,10.515
1268.8,605.96,10.516
1265.3,606.72,10.518
1267,607.49,10.52
1270.5,609.02,10.521
1270.5,609.78,10.524
1275.8,610.55,10.526
1274,611.32,10.527
1277.5,612.08,10.529
1277.5,612.85,10.531
1279.2,613.61,10.532
1282.7,612.85,10.534
1277.5,612.08,10.536
1275.8,612.08,10.537
1277.5,609.78,10.539
1274,609.78,10.541
1270.5,609.78,10.542
1274,609.02,10.544
1272.3,611.32,10.546
1272.3,611.32,10.547
1275.8,611.32,10.549
1277.5,612.85,10.551
1277.5,612.08,10.552
1277.5,612.08,10.554
1272.3,611.32,10.556
1277.5,610.55,10.557
1275.8,611.32,10.559
1272.3,610.55,10.561
1270.5,609.78,10.562
1270.5,609.78,10.564
1275.8,610.55,10.567
1272.3,610.55,10.568
1282.7,611.32,10.57
1275.8,611.32,10.572
1275.8,612.08,10.573
1279.2,611.32,10.575
1277.5,611.32,10.577
1275.8,610.55,10.578
1274,611.32,10.58
1274,609.78,10.582
1270.5,609.78,10.583
1270.5,609.78,10.585
1270.5,609.78,10.587
1272.3,610.55,10.588
1274,610.55,10.59
1274,611.32,10.592
1282.7,611.32,10.593
1279.2,611.32,10.595
1275.8,611.32,10.596
1275.8,610.55,10.598
1274,610.55,10.6
1272.3,609.78,10.601
1272.3,609.78,10.603
1272.3,609.78,10.605
1268.8,609.78,10.606
1274,610.55,10.609
1274,611.32,10.611
1275.8,610.55,10.612
1284.5,611.32,10.614
1272.3,610.55,10.616
1268.8,611.32,10.617
1274,610.55,10.619
1274,610.55,10.621
1272.3,609.78,10.622
1274,609.78,10.624
1272.3,609.78,10.626
1275.8,609.78,10.627
1272.3,609.78,10.629
1277.5,610.55,10.631
1272.3,610.55,10.632
1274,610.55,10.634
1274,610.55,10.636
1272.3,610.55,10.637
1274,610.55,10.639
1272.3,610.55,10.641
1277.5,609.78,10.642
1272.3,609.78,10.644
1277.5,609.78,10.646
1274,609.78,10.647
1272.3,609.78,10.649
1272.3,610.55,10.652
1270.5,610.55,10.653
1272.3,610.55,10.655
1275.8,610.55,10.657
1272.3,610.55,10.658
1274,609.78,10.66
1272.3,609.78,10.662
1270.5,609.78,10.663
1272.3,610.55,10.665
1274,609.78,10.667
1274,609.78,10.668
1274,610.55,10.67
1270.5,609.78,10.672
1272.3,609.78,10.673
1272.3,610.55,10.675
1274,609.78,10.677
1275.8,609.78,10.678
1270.5,609.78,10.68
1274,609.78,10.681
1272.3,609.78,10.683
1279.2,609.78,10.685
1268.8,609.78,10.686
1272.3,609.78,10.688
1268.8,609.78,10.69
1272.3,609.78,10.691
1281,609.78,10.694
1272.3,609.78,10.696
1275.8,609.78,10.697
1268.8,610.55,10.699
1272.3,609.78,10.701
1272.3,609.78,10.702
1277.5,609.78,10.704
1274,609.78,10.706
1272.3,609.78,10.707
1272.3,609.78,10.709
1268.8,609.78,10.711
1272.3,609.78,10.712
1272.3,609.78,10.714
1277.5,609.78,10.716
1277.5,609.78,10.717
1270.5,609.78,10.719
1274,609.78,10.721
1274,609.78,10.722
1270.5,610.55,10.724
1267,609.78,10.726
1270.5,609.78,10.727
1272.3,609.02,10.729
1272.3,609.78,10.731
1270.5,609.78,10.732
1272.3,609.78,10.734
1268.8,609.02,10.737
1275.8,609.78,10.738
1272.3,609.78,10.74
1270.5,609.78,10.742
1270.5,609.78,10.743
1270.5,609.78,10.745
1272.3,609.02,10.747
1263.5,609.02,10.748
1268.8,609.02,10.75
1272.3,609.02,10.752
1272.3,609.02,10.753
1267,609.78,10.755
1272.3,609.78,10.757
1270.5,609.78,10.758
1277.5,609.78,10.76
1270.5,609.78,10.762
1270.5,609.02,10.763
1274,609.78,10.765
1272.3,609.02,10.766
1270.5,609.02,10.768
1267,609.02,10.77
1272.3,609.78,10.771
1275.8,609.02,10.773
1272.3,609.02,10.775
1270.5,609.78,10.776
1268.8,609.02,10.779
1270.5,609.78,10.781
1270.5,609.02,10.782
1270.5,609.02,10.784
1272.3,609.02,10.786
1274,609.78,10.787
1270.5,609.02,10.789
1270.5,609.78,10.791
1270.5,609.02,10.792
1272.3,609.02,10.794
1274,609.78,10.796
1270.5,609.02,10.797
1270.5,609.78,10.799
1274,609.78,10.801
1270.5,609.02,10.802
1272.3,609.02,10.804
1272.3,609.02,10.806
1272.3,609.02,10.807
1270.5,609.78,10.809
1270.5,609.78,10.811
1270.5,609.02,10.812
1277.5,609.02,10.814
1272.3,609.02,10.816
1270.5,609.02,10.817
1268.8,609.02,10.819
1268.8,609.02,10.822
1270.5,609.02,10.823
1270.5,609.02,10.825
1277.5,609.02,10.827
1270.5,609.02,10.828
1270.5,609.02,10.83
1270.5,609.02,10.832
1270.5,609.02,10.833
1270.5,609.02,10.835
1272.3,609.02,10.837
1268.8,609.02,10.838
1270.5,609.02,10.84
1270.5,609.02,10.842
1270.5,609.02,10.843
1270.5,609.02,10.845
1272.3,609.02,10.847
1270.5,609.02,10.848
1270.5,609.02,10.85
1270.5,609.02,10.852
1268.8,609.02,10.853
1270.5,609.02,10.855
1270.5,609.02,10.856
1270.5,609.02,10.858
1270.5,609.02,10.86
1270.5,608.25,10.861
1270.5,609.02,10.864
1270.5,609.02,10.866
1268.8,609.02,10.867
1270.5,609.78,10.869
1268.8,609.02,10.871
1268.8,609.02,10.872
1268.8,609.02,10.874
1267,609.02,10.876
1268.8,608.25,10.877
1270.5,609.02,10.879
1270.5,609.02,10.881
1267,608.25,10.882
1268.8,609.02,10.884
1270.5,609.02,10.886
1268.8,609.02,10.887
1268.8,609.02,10.889
1270.5,609.02,10.891
1270.5,609.02,10.892
1279.2,608.25,10.894
1268.8,608.25,10.896
1270.5,608.25,10.897
1268.8,609.02,10.899
1263.5,609.02,10.901
1274,609.02,10.902
1270.5,609.02,10.904
1272.3,609.02,10.907
1268.8,608.25,10.908
1267,609.02,10.91
1267,608.25,10.912
1267,608.25,10.913
1268.8,608.25,10.915
1268.8,608.25,10.917
1268.8,609.78,10.918
1268.8,609.02,10.92
1268.8,608.25,10.922
1270.5,609.02,10.923
1268.8,609.02,10.925
1270.5,608.25,10.927
1268.8,609.02,10.928
1268.8,608.25,10.93
1270.5,608.25,10.932
1267,608.25,10.933
1270.5,608.25,10.935
1270.5,608.25,10.937
1268.8,608.25,10.938
1268.8,608.25,10.94
1267,608.25,10.941
1268.8,608.25,10.943
1270.5,608.25,10.945
1268.8,609.02,10.946
1268.8,608.25,10.948
1268.8,608.25,10.951
1265.3,608.25,10.952
1267,608.25,10.954
1277.5,608.25,10.956
1268.8,608.25,10.957
1268.8,608.25,10.959
1270.5,608.25,10.961
1270.5,608.25,10.962
1270.5,608.25,10.964
1268.8,608.25,10.966
1265.3,608.25,10.967
1268.8,608.25,10.969
1268.8,608.25,10.971
1268.8,608.25,10.972
1268.8,608.25,10.974
1272.3,608.25,10.976
1267,608.25,10.977
1267,608.25,10.979
1267,608.25,10.981
1274,608.25,10.982
1270.5,608.25,10.984
1268.8,607.49,10.986
1267,608.25,10.987
1270.5,608.25,10.989
1268.8,608.25,10.992
1268.8,608.25,10.993
1268.8,608.25,10.995
1268.8,608.25,10.997
1267,608.25,10.998
1270.5,608.25,11
1281,608.25,11.002
1279.2,608.25,11.003
1281,608.25,11.005
1277.5,608.25,11.007
1279.2,608.25,11.008
1277.5,608.25,11.01
1277.5,608.25,11.012
1268.8,609.02,11.013
1272.3,609.78,11.015
1268.8,610.55,11.017
1274,611.32,11.018
1277.5,611.32,11.02
1277.5,612.85,11.022
1281,613.61,11.023
1282.7,614.38,11.025
1284.5,615.14,11.027
1286.2,615.91,11.028
1288,616.67,11.03
1289.7,617.44,11.031
1288,615.91,11.033
1286.2,615.91,11.036
1284.5,615.14,11.037
1281,614.38,11.039
1284.5,613.61,11.041
1274,613.61,11.042
1279.2,612.85,11.044
1284.5,615.14,11.046
1282.7,615.14,11.047
1282.7,615.14,11.049
1284.5,616.67,11.051
1284.5,615.91,11.052
1286.2,615.91,11.054
1286.2,615.91,11.056
1282.7,615.14,11.057
1275.8,614.38,11.059
1281,614.38,11.061
1282.7,613.61,11.062
1277.5,613.61,11.064
1281,614.38,11.066
1282.7,614.38,11.067
1282.7,615.14,11.069
1284.5,615.14,11.071
1284.5,615.91,11.072
1286.2,615.91,11.074
1286.2,615.14,11.076
1284.5,614.38,11.078
1281,614.38,11.08
1282.7,614.38,11.082
1282.7,613.61,11.083
1282.7,613.61,11.085
1275.8,614.38,11.087
1281,614.38,11.088
1282.7,614.38,11.09
1284.5,615.14,11.092
1282.7,615.14,11.093
1284.5,615.91,11.095
1282.7,615.14,11.097
1284.5,614.38,11.098
1282.7,614.38,11.1
1282.7,614.38,11.102
1281,614.38,11.103
1282.7,613.61,11.105
1281,614.38,11.107
1281,614.38,11.108
1282.7,614.38,11.11
1284.5,614.38,11.112
1282.7,614.38,11.113
1286.2,615.14,11.115
1282.7,614.38,11.116
1282.7,614.38,11.118
1281,614.38,11.121
1277.5,614.38,11.122
1286.2,613.61,11.124
1281,614.38,11.126
1281,614.38,11.127
1281,613.61,11.129
1286.2,614.38,11.131
1284.5,614.38,11.132
1284.5,614.38,11.134
1282.7,614.38,11.136
1282.7,614.38,11.137
1284.5,614.38,11.139
1281,614.38,11.141
1281,614.38,11.142
1282.7,614.38,11.144
1281,613.61,11.146
1281,613.61,11.147
1281,613.61,11.149
1281,613.61,11.151
1282.7,614.38,11.152
1282.7,614.38,11.154
1284.5,614.38,11.156
1281,614.38,11.157
1281,614.38,11.159
1281,614.38,11.161
1281,613.61,11.163
1281,613.61,11.165
1277.5,613.61,11.167
1275.8,613.61,11.168
1281,614.38,11.17
1279.2,614.38,11.172
1282.7,614.38,11.173
1281,614.38,11.175
1282.7,614.38,11.177
1284.5,613.61,11.178
1281,613.61,11.18
1282.7,613.61,11.182
1281,613.61,11.183
1282.7,614.38,11.185
1279.2,613.61,11.187
1281,613.61,11.188
1282.7,613.61,11.19
1277.5,614.38,11.192
1282.7,613.61,11.193
1282.7,614.38,11.195
1281,614.38,11.197
1286.2,614.38,11.198
1281,613.61,11.2
1281,613.61,11.201
1279.2,613.61,11.203
1284.5,613.61,11.206
1279.2,613.61,11.207
1279.2,613.61,11.209
1281,613.61,11.211
1282.7,614.38,11.212
1281,613.61,11.214
1281,613.61,11.216
1281,613.61,11.217
1281,613.61,11.219
1281,613.61,11.221
1282.7,613.61,11.222
1281,613.61,11.224
1282.7,613.61,11.226
1281,613.61,11.227
1281,613.61,11.229
1279.2,613.61,11.231
1288,613.61,11.232
1282.7,613.61,11.234
1284.5,613.61,11.236
1281,613.61,11.237
1281,613.61,11.239
1282.7,613.61,11.241
1281,613.61,11.242
1286.2,612.85,11.244
1281,614.38,11.246
1281,613.61,11.248
1277.5,613.61,11.25
1279.2,612.85,11.252
1286.2,613.61,11.253
1282.7,613.61,11.255
1281,613.61,11.257
1281,613.61,11.258
1281,613.61,11.26
1281,613.61,11.262
1281,613.61,11.263
1281,613.61,11.265
1279.2,612.85,11.267
1277.5,613.61,11.268
1279.2,613.61,11.27
1281,613.61,11.272
1282.7,612.85,11.273
1275.8,613.61,11.275
1281,613.61,11.277
1281,613.61,11.278
1281,613.61,11.28
1282.7,613.61,11.282
1281,612.85,11.283
1281,613.61,11.285
1275.8,612.85,11.287
1281,613.61,11.288
1281,612.85,11.291
1277.5,613.61,11.292
1279.2,613.61,11.294
1281,612.85,11.296
1279.2,612.85,11.297
1286.2,612.85,11.299
1282.7,612.85,11.301
1279.2,613.61,11.302
1281,612.85,11.304
1279.2,613.61,11.306
1279.2,613.61,11.307
1277.5,613.61,11.309
1279.2,612.85,11.311
1281,613.61,11.312
1275.8,612.85,11.314
1277.5,613.61,11.316
1279.2,612.85,11.317
1281,612.85,11.319
1281,613.61,11.321
1281,613.61,11.322
1279.2,613.61,11.324
1279.2,612.85,11.326
1279.2,613.61,11.327
1279.2,612.85,11.329
1277.5,612.85,11.331
1286.2,612.85,11.332
1279.2,612.85,11.335
1279.2,612.85,11.337
1279.2,612.85,11.338
1279.2,612.85,11.34
1279.2,612.85,11.342
1279.2,612.85,11.343
1279.2,612.85,11.345
1281,612.85,11.347
1279.2,612.85,11.348
1277.5,612.85,11.35
1281,612.85,11.352
1279.2,612.85,11.353
1277.5,612.85,11.355
1279.2,612.85,11.357
1279.2,612.85,11.358
1277.5,612.85,11.36
1272.3,612.85,11.362
1279.2,612.85,11.363
1281,612.85,11.365
1279.2,612.85,11.367
1282.7,612.85,11.368
1277.5,612.85,11.37
1275.8,612.85,11.372
1277.5,612.85,11.373
1275.8,612.85,11.376
1277.5,612.85,11.377
1279.2,612.85,11.379
1279.2,612.85,11.381
1279.2,612.85,11.382
1275.8,612.85,11.384
1277.5,613.61,11.386
1275.8,612.85,11.387
1279.2,612.85,11.389
1277.5,612.85,11.391
1279.2,612.85,11.392
1288,612.85,11.394
1281,612.85,11.396
1288,612.85,11.397
1277.5,612.85,11.399
1277.5,612.85,11.401
1281,612.85,11.402
1277.5,612.85,11.404
1277.5,612.85,11.406
1277.5,612.85,11.407
1277.5,612.85,11.409
1279.2,612.85,11.411
1275.8,612.85,11.412
1275.8,612.08,11.414
1277.5,612.85,11.416
1281,612.85,11.417
1277.5,612.85,11.42
1277.5,612.85,11.422
1275.8,612.85,11.423
1279.2,612.85,11.425
1279.2,612.85,11.427
1286.2,612.85,11.428
1277.5,612.85,11.43
1282.7,612.08,11.432
1279.2,612.08,11.433
1279.2,612.08,11.435
1277.5,612.85,11.437
1274,612.08,11.438
1279.2,612.08,11.44
1277.5,612.85,11.442
1281,612.85,11.443
1279.2,612.85,11.445
1277.5,612.85,11.447
1277.5,612.85,11.448
1277.5,612.85,11.45
1279.2,612.85,11.452
1275.8,612.85,11.453
1277.5,612.85,11.455
1277.5,612.85,11.457
1275.8,612.85,11.458
1274,612.85,11.46
1281,612.85,11.463
1275.8,612.08,11.464
1277.5,612.85,11.466
1277.5,612.08,11.467
1277.5,612.85,11.469
1275.8,612.85,11.471
1279.2,612.08,11.472
1277.5,612.08,11.474
1282.7,612.85,11.476
1279.2,612.08,11.477
1284.5,612.85,11.479
1279.2,612.08,11.481
1277.5,612.08,11.482
1277.5,612.08,11.484
1277.5,612.08,11.486
1275.8,612.08,11.487
1274,612.08,11.489
1277.5,612.85,11.491
1281,612.85,11.492
1274,612.08,11.494
1277.5,612.85,11.496
1275.8,612.85,11.497
1277.5,612.08,11.499
1281,612.85,11.501
1289.7,612.08,11.502
1286.2,611.32,11.505
1288,612.08,11.507
1288,612.08,11.508
1288,612.08,11.51
1284.5,612.85,11.512
1277.5,612.08,11.513
1277.5,612.85,11.515
1281,613.61,11.517
1274,614.38,11.518
1281,614.38,11.52
1284.5,615.14,11.522
1286.2,615.91,11.523
1289.7,616.67,11.525
1284.5,616.67,11.527
1289.7,618.2,11.528
1291.4,618.97,11.53
1291.4,618.2,11.532
1289.7,618.2,11.533
1288,617.44,11.535
1288,616.67,11.537
1282.7,615.91,11.538
1284.5,615.14,11.54
1286.2,615.91,11.542
1284.5,615.91,11.543
1291.4,615.91,11.545
1286.2,617.44,11.548
1286.2,617.44,11.549
1289.7,617.44,11.551
1293.2,618.2,11.552
1289.7,617.44,11.554
1288,616.67,11.556
1286.2,616.67,11.557
1286.2,615.91,11.559
1282.7,615.91,11.561
1284.5,615.91,11.562
1284.5,615.91,11.564
1284.5,615.91,11.566
1286.2,617.44,11.567
1288,616.67,11.569
1289.7,617.44,11.571
1288,617.44,11.572
1286.2,617.44,11.574
1286.2,616.67,11.576
1293.2,616.67,11.577
1286.2,615.91,11.579
1286.2,615.91,11.581
1284.5,615.91,11.582
1286.2,615.91,11.584
1281,615.91,11.586
1282.7,616.67,11.587
1284.5,617.44,11.59
1289.7,616.67,11.592
1288,616.67,11.593
1288,616.67,11.595
1288,616.67,11.597
1296.7,616.67,11.598
1288,615.91,11.6
1286.2,615.91,11.602
1284.5,615.91,11.603
1286.2,615.91,11.605
1288,615.91,11.607
1288,616.67,11.608
1284.5,616.67,11.61
1288,616.67,11.612
1291.4,617.44,11.613
1288,616.67,11.615
1289.7,616.67,11.617
1286.2,615.91,11.618
1288,615.91,11.62
1288,615.91,11.622
1288,615.91,11.623
1284.5,615.91,11.625
1286.2,615.91,11.627
1286.2,615.91,11.628
1286.2,616.67,11.63
1286.2,616.67,11.633
1286.2,616.67,11.634
1286.2,616.67,11.636
1288,615.91,11.637
1286.2,616.67,11.639
1289.7,615.91,11.641
1288,615.91,11.642
1281,616.67,11.644
1284.5,615.91,11.646
1284.5,615.91,11.647
1284.5,616.67,11.649
1288,616.67,11.651
1286.2,615.91,11.652
1284.5,615.91,11.654
1284.5,616.67,11.656
1288,616.67,11.657
1284.5,615.91,11.659
1286.2,615.91,11.661
1284.5,615.91,11.662
1286.2,615.91,11.664
1284.5,615.91,11.666
1288,615.91,11.667
1284.5,615.91,11.669
1286.2,615.91,11.671
1282.7,615.91,11.672
1284.5,615.91,11.675
1284.5,616.67,11.677
1281,615.91,11.678
1284.5,615.91,11.68
1286.2,615.91,11.682
1284.5,615.91,11.683
1282.7,615.91,11.685
1277.5,615.91,11.687
1282.7,615.91,11.688
1284.5,615.91,11.69
1284.5,615.91,11.692
1284.5,615.91,11.693
1286.2,615.91,11.695
1286.2,616.67,11.697
1286.2,615.91,11.698
1284.5,615.91,11.7
1286.2,615.91,11.702
1286.2,615.91,11.703
1286.2,615.91,11.705
1286.2,615.91,11.707
1286.2,615.14,11.708
1281,615.91,11.71
1286.2,615.91,11.712
1275.8,615.91,11.713
1284.5,615.91,11.715
1286.2,615.91,11.718
1286.2,615.91,11.719
1284.5,615.91,11.721
1284.5,615.91,11.723
1284.5,615.91,11.724
1284.5,615.91,11.726
1284.5,615.14,11.727
1286.2,615.91,11.729
1286.2,615.91,11.731
1284.5,615.91,11.732
1284.5,615.91,11.734
1284.5,615.91,11.736
1284.5,615.91,11.737
1289.7,615.91,11.739
1284.5,615.14,11.741
1284.5,615.14,11.742
1286.2,615.91,11.744
1286.2,615.91,11.746
1284.5,615.91,11.747
1286.2,615.91,11.749
1288,615.91,11.751
1284.5,615.91,11.752
1282.7,615.91,11.754
1284.5,615.91,11.756
1282.7,615.14,11.757
1284.5,615.91,11.76
1286.2,615.91,11.762
1281,615.14,11.763
1282.7,615.14,11.765
1286.2,615.91,11.767
1282.7,615.91,11.768
1281,615.91,11.77
1281,615.91,11.772
1282.7,615.91,11.773
1281,615.91,11.775
1281,615.91,11.777
1282.7,615.91,11.778
1286.2,615.91,11.78
1284.5,615.14,11.782
1284.5,615.91,11.783
1286.2,615.91,11.785
1284.5,615.91,11.787
1284.5,615.91,11.788
1284.5,615.14,11.79
1277.5,615.14,11.792
1281,615.14,11.793
1284.5,615.14,11.795
1286.2,615.14,11.797
1284.5,615.91,11.798
1286.2,615.91,11.8
1284.5,615.91,11.803
1286.2,615.14,11.804
1282.7,615.14,11.806
1281,615.91,11.808
1288,615.14,11.809
1284.5,615.14,11.811
1284.5,615.14,11.812
1284.5,615.14,11.814
1282.7,615.14,11.816
1284.5,615.91,11.817
1279.2,615.14,11.819
1284.5,615.91,11.821
1281,615.91,11.822
1281,615.91,11.824
1281,615.14,11.826
1282.7,615.91,11.827
1288,615.14,11.829
1282.7,615.14,11.831
1277.5,615.91,11.832
1282.7,615.14,11.834
1282.7,615.14,11.836
1282.7,615.14,11.837
1282.7,615.14,11.839
1282.7,615.14,11.841
1281,615.14,11.842
1289.7,615.91,11.844
1284.5,615.14,11.847
1281,615.14,11.848
1284.5,615.14,11.85
1282.7,615.14,11.852
1284.5,615.14,11.853
1282.7,615.14,11.855
1282.7,615.14,11.857
1284.5,615.14,11.858
1282.7,615.14,11.86
1284.5,615.14,11.862
1282.7,615.14,11.863
1284.5,615.14,11.865
1289.7,615.14,11.867
1282.7,615.14,11.868
1286.2,615.14,11.87
1282.7,615.14,11.872
1282.7,615.14,11.873
1284.5,615.14,11.875
1281,615.14,11.877
1288,615.91,11.878
1281,615.14,11.88
1281,615.14,11.882
1281,615.14,11.883
1282.7,615.14,11.885
1282.7,615.14,11.888
1282.7,615.14,11.889
1281,615.14,11.891
1282.7,615.14,11.893
1291.4,615.14,11.894
1282.7,615.91,11.896
1281,615.14,11.898
1282.7,615.14,11.899
1281,615.14,11.901
1279.2,614.38,11.902
1281,615.14,11.904
1282.7,615.14,11.906
1286.2,615.14,11.907
1282.7,614.38,11.909
1279.2,614.38,11.911
1284.5,615.14,11.912
1282.7,615.14,11.914
1284.5,615.14,11.916
1282.7,615.14,11.917
1284.5,615.14,11.919
1277.5,615.14,11.921
1288,615.14,11.922
1282.7,615.14,11.924
1282.7,615.14,11.926
1281,615.14,11.927
1284.5,614.38,11.929
1279.2,615.14,11.932
1279.2,615.14,11.933
1281,615.14,11.935
1288,615.14,11.937
1279.2,614.38,11.938
1286.2,615.14,11.94
1282.7,614.38,11.942
1281,615.14,11.943
1284.5,615.14,11.945
1284.5,615.14,11.947
1282.7,615.14,11.948
1281,615.14,11.95
1282.7,614.38,11.952
1284.5,615.14,11.953
1281,615.14,11.955
1277.5,614.38,11.957
1281,614.38,11.958
1282.7,615.14,11.96
1281,615.14,11.962
1281,614.38,11.963
1284.5,615.14,11.965
1277.5,614.38,11.967
1281,615.14,11.968
1281,614.38,11.97
1281,615.14,11.972
1282.7,615.14,11.974
1281,615.14,11.976
1281,614.38,11.978
1282.7,614.38,11.979
1289.7,615.14,11.981
1281,615.14,11.983
1282.7,614.38,11.984
1282.7,615.14,11.986
1282.7,614.38,11.987
1282.7,614.38,11.989
1284.5,615.14,11.991
1282.7,614.38,11.992
1282.7,614.38,11.994
1282.7,615.14,11.996
1277.5,614.38,11.997
1282.7,614.38,11.999
1284.5,614.38,12.001
1293.2,614.38,12.002
1293.2,615.14,12.004
1291.4,615.14,12.006
1289.7,614.38,12.007
1293.2,614.38,12.009
1289.7,614.38,12.011
1281,614.38,12.012
1279.2,615.14,12.014
1282.7,615.14,12.017
1282.7,615.91,12.018
1286.2,616.67,12.02
1279.2,615.91,12.022
1288,617.44,12.023
1289.7,618.97,12.025
1288,618.97,12.027
1284.5,619.73,12.028
1293.2,619.73,12.03
1294.9,619.73,12.032
1291.4,619.73,12.033
1293.2,618.97,12.035
1291.4,617.44,12.037
1291.4,618.2,12.038
1288,616.67,12.04
1289.7,617.44,12.042
1288,617.44,12.043
1293.2,618.2,12.045
1289.7,618.97,12.047
1291.4,618.97,12.048
1291.4,618.97,12.05
1291.4,619.73,12.052
1293.2,619.73,12.053
1293.2,618.97,12.055
1289.7,618.2,12.057
1291.4,617.44,12.059
1291.4,617.44,12.061
1286.2,617.44,12.063
1288,617.44,12.064
1289.7,618.2,12.066
1289.7,618.2,12.068
1291.4,618.97,12.069
1293.2,618.97,12.071
1291.4,618.97,12.072
1293.2,618.97,12.074
1289.7,618.97,12.076
1288,618.2,12.077
1300.2,617.44,12.079
1288,617.44,12.081
1286.2,617.44,12.082
1288,617.44,12.084
1288,617.44,12.086
1291.4,617.44,12.087
1289.7,618.2,12.089
1289.7,618.97,12.091
1291.4,618.97,12.092
1289.7,618.2,12.094
1291.4,618.2,12.096
1288,618.2,12.097
1286.2,618.2,12.099
1289.7,617.44,12.102
1289.7,617.44,12.103
1289.7,617.44,12.105
1286.2,617.44,12.107
1291.4,617.44,12.108
1291.4,618.2,12.11
1288,618.2,12.112
1291.4,618.2,12.113
1289.7,618.2,12.115
1291.4,618.2,12.117
1289.7,618.2,12.118
1288,617.44,12.12
1288,617.44,12.122
1286.2,617.44,12.123
1286.2,617.44,12.125
1288,617.44,12.127
1289.7,617.44,12.128
1284.5,618.2,12.13
1289.7,618.2,12.132
1289.7,618.2,12.133
1289.7,618.2,12.135
1289.7,618.2,12.137
1286.2,618.2,12.138
1288,617.44,12.14
1288,617.44,12.142
1288,617.44,12.144
1288,617.44,12.146
1284.5,617.44,12.148
1291.4,617.44,12.149
1289.7,618.2,12.151
1289.7,618.2,12.153
1289.7,618.2,12.154
1288,618.2,12.156
1289.7,617.44,12.158
1288,617.44,12.159
1289.7,617.44,12.161
1288,617.44,12.162
1288,617.44,12.164
1289.7,617.44,12.166
1286.2,617.44,12.167
1293.2,617.44,12.169
1286.2,617.44,12.171
1288,617.44,12.172
1288,617.44,12.174
1286.2,618.2,12.176
1289.7,618.2,12.177
1288,617.44,12.179
1286.2,617.44,12.181
1289.7,617.44,12.182
1288,617.44,12.184
1289.7,617.44,12.187
1288,617.44,12.188
1286.2,617.44,12.19
1288,617.44,12.192
1288,617.44,12.193
1289.7,617.44,12.195
1294.9,617.44,12.197
1289.7,617.44,12.198
1288,617.44,12.2
1288,617.44,12.202
1294.9,617.44,12.203
1284.5,617.44,12.205
1286.2,617.44,12.207
1288,617.44,12.208
1282.7,616.67,12.21
1288,617.44,12.212
1288,617.44,12.213
1288,617.44,12.215
1288,617.44,12.217
1293.2,617.44,12.218
1289.7,617.44,12.22
1289.7,617.44,12.222
1288,617.44,12.223
1286.2,617.44,12.225
1289.7,617.44,12.227
1289.7,617.44,12.228
1284.5,617.44,12.231
1291.4,617.44,12.233
1288,617.44,12.234
1294.9,617.44,12.236
1288,617.44,12.238
1288,618.2,12.239
1293.2,617.44,12.241
1289.7,617.44,12.243
1289.7,617.44,12.244
1284.5,617.44,12.246
1289.7,617.44,12.247
1288,617.44,12.249
1288,616.67,12.251
1289.7,617.44,12.252
1288,617.44,12.254
1288,617.44,12.256
1289.7,617.44,12.257
1286.2,617.44,12.259
1288,617.44,12.261
1286.2,617.44,12.262
1286.2,617.44,12.264
1286.2,617.44,12.266
1288,617.44,12.267
1286.2,617.44,12.269
1286.2,617.44,12.272
1291.4,617.44,12.273
1289.7,617.44,12.275
1288,617.44,12.277
1279.2,617.44,12.278
1286.2,617.44,12.28
1286.2,617.44,12.282
1284.5,617.44,12.283
1288,617.44,12.285
1288,617.44,12.287
1284.5,617.44,12.288
1288,617.44,12.29
1288,617.44,12.292
1288,617.44,12.293
1288,617.44,12.295
1288,617.44,12.297
1286.2,617.44,12.298
1288,617.44,12.3
1288,617.44,12.302
1288,617.44,12.303
1288,616.67,12.305
1286.2,617.44,12.307
1289.7,617.44,12.308
1286.2,617.44,12.31
1288,617.44,12.312
1288,616.67,12.313
1284.5,617.44,12.316
1289.7,617.44,12.318
1288,616.67,12.319
1286.2,617.44,12.321
1286.2,616.67,12.323
1286.2,616.67,12.324
1291.4,616.67,12.326
1288,616.67,12.328
1288,617.44,12.329
1288,617.44,12.331
1288,617.44,12.333
1288,617.44,12.334
1286.2,617.44,12.336
1291.4,617.44,12.337
1288,616.67,12.339
1288,617.44,12.341
1288,616.67,12.342
1288,617.44,12.344
1281,617.44,12.346
1288,617.44,12.347
1286.2,617.44,12.349
1288,617.44,12.351
1288,616.67,12.352
1288,616.67,12.354
1288,616.67,12.356
1288,616.67,12.358
1286.2,616.67,12.36
1288,616.67,12.362
1288,617.44,12.363
1284.5,617.44,12.365
1289.7,616.67,12.367
1286.2,616.67,12.368
1286.2,616.67,12.37
1286.2,616.67,12.372
1293.2,616.67,12.373
1288,617.44,12.375
1286.2,616.67,12.377
1288,616.67,12.378
1288,616.67,12.38
1288,617.44,12.382
1286.2,616.67,12.383
1288,617.44,12.385
1288,616.67,12.387
1286.2,617.44,12.388
1293.2,616.67,12.39
1288,616.67,12.392
1286.2,616.67,12.393
1288,616.67,12.395
1288,616.67,12.397
1288,616.67,12.398
1286.2,617.44,12.401
1286.2,617.44,12.403
1286.2,616.67,12.404
1286.2,616.67,12.406
1293.2,616.67,12.408
1286.2,616.67,12.409
1281,616.67,12.411
1288,616.67,12.413
1288,616.67,12.414
1288,616.67,12.416
1286.2,617.44,12.418
1284.5,617.44,12.419
1291.4,616.67,12.421
1288,616.67,12.422
1282.7,616.67,12.424
1286.2,616.67,12.426
1286.2,617.44,12.427
1288,616.67,12.429
1288,615.91,12.431
1286.2,616.67,12.432
1288,617.44,12.434
1288,616.67,12.436
1281,616.67,12.437
1286.2,616.67,12.439
1288,616.67,12.441
1286.2,616.67,12.443
1288,616.67,12.445
1286.2,616.67,12.447
1288,616.67,12.448
1286.2,616.67,12.45
1286.2,616.67,12.452
1286.2,616.67,12.453
1284.5,616.67,12.455
1288,616.67,12.457
1288,616.67,12.458
1286.2,616.67,12.46
1286.2,616.67,12.462
1286.2,616.67,12.463
1288,616.67,12.465
1286.2,616.67,12.467
1289.7,615.91,12.468
1286.2,616.67,12.47
1288,616.67,12.472
1284.5,615.91,12.473
1286.2,616.67,12.475
1288,616.67,12.477
1286.2,616.67,12.478
1282.7,616.67,12.48
1293.2,616.67,12.482
1284.5,616.67,12.483
1288,616.67,12.486
1284.5,615.91,12.488
1284.5,617.44,12.489
1284.5,616.67,12.491
1286.2,616.67,12.493
1284.5,616.67,12.494
1284.5,615.91,12.496
1284.5,616.67,12.498
1294.9,616.67,12.499
1286.2,616.67,12.501
1298.4,615.91,12.503
1296.7,615.91,12.504
1296.7,615.91,12.506
1296.7,615.91,12.507
1298.4,616.67,12.509
1296.7,615.91,12.511
1286.2,616.67,12.512
1286.2,616.67,12.514
1286.2,616.67,12.516
1288,617.44,12.517
1288,617.44,12.519
1289.7,618.2,12.521
1291.4,618.97,12.522
1289.7,619.73,12.524
1294.9,619.73,12.526
1294.9,621.27,12.528
1296.7,621.27,12.53
1300.2,621.27,12.532
1294.9,620.5,12.533
1294.9,619.73,12.535
1301.9,619.73,12.537
1293.2,618.97,12.538
1291.4,618.2,12.54
1291.4,618.97,12.542
1291.4,618.2,12.543
1291.4,618.97,12.545
1294.9,619.73,12.547
1293.2,620.5,12.548
1294.9,620.5,12.55
1293.2,620.5,12.552
1294.9,620.5,12.553
1296.7,619.73,12.555
1293.2,619.73,12.557
1294.9,618.97,12.558
1291.4,618.97,12.56
1291.4,618.97,12.562
1291.4,618.2,12.563
1293.2,618.97,12.565
1291.4,619.73,12.567
1293.2,619.73,12.568
1293.2,619.73,12.571
1294.9,620.5,12.573
1293.2,620.5,12.574
1296.7,619.73,12.576
1291.4,619.73,12.578
1293.2,619.73,12.579
1291.4,618.97,12.581
1291.4,618.97,12.583
1289.7,618.2,12.584
1291.4,618.97,12.586
1293.2,618.97,12.588
1293.2,619.73,12.589
1289.7,619.73,12.591
1293.2,620.5,12.593
1293.2,619.73,12.594
1298.4,619.73,12.596
1291.4,619.73,12.597
1286.2,618.97,12.599
1293.2,618.97,12.601
1291.4,618.2,12.602
1289.7,618.97,12.604
1291.4,618.97,12.606
1291.4,619.73,12.607
1293.2,618.97,12.609
1293.2,619.73,12.611
1288,618.97,12.612
1293.2,619.73,12.615
1294.9,618.97,12.617
1293.2,618.97,12.618
1289.7,618.97,12.62
1293.2,618.97,12.622
1291.4,618.97,12.623
1293.2,618.97,12.625
1289.7,618.97,12.627
1291.4,618.97,12.628
1291.4,618.97,12.63
1293.2,619.73,12.632
1293.2,618.97,12.633
1293.2,619.73,12.635
1293.2,618.97,12.637
1291.4,618.97,12.638
1291.4,618.97,12.64
1293.2,618.97,12.642
1291.4,618.2,12.643
1289.7,618.97,12.645
1293.2,618.97,12.647
1291.4,618.97,12.648
1293.2,618.97,12.65
1291.4,618.97,12.652
1293.2,619.73,12.653
1289.7,619.73,12.656
1301.9,618.97,12.658
1293.2,619.73,12.659
1291.4,618.97,12.661
1291.4,618.2,12.663
1293.2,618.97,12.664
1293.2,618.2,12.666
1291.4,618.97,12.668
1291.4,618.97,12.669
1291.4,618.97,12.671
1294.9,618.97,12.673
1291.4,619.73,12.674
1289.7,618.97,12.676
1291.4,619.73,12.678
1293.2,618.97,12.679
1291.4,618.97,12.681
1293.2,618.97,12.682
1291.4,618.97,12.684
1291.4,618.97,12.686
1284.5,618.97,12.687
1291.4,618.97,12.689
1291.4,618.97,12.691
1289.7,618.97,12.692
1291.4,618.97,12.694
1291.4,618.97,12.696
1291.4,618.97,12.697
1291.4,618.97,12.7
1291.4,618.97,12.702
1293.2,618.97,12.703
1293.2,618.97,12.705
1284.5,618.97,12.707
1291.4,618.97,12.708
1291.4,618.97,12.71
1298.4,618.97,12.712
1293.2,618.97,12.713
1293.2,618.97,12.715
1291.4,618.97,12.717
1291.4,618.97,12.718
1291.4,618.2,12.72
1293.2,618.97,12.722
1291.4,618.97,12.723
1288,618.97,12.725
1291.4,618.97,12.727
1293.2,618.97,12.728
1291.4,618.2,12.73
1293.2,618.97,12.732
1293.2,618.2,12.733
1291.4,618.97,12.735
1291.4,618.97,12.737
1291.4,618.97,12.738
1289.7,618.97,12.74
1288,618.97,12.743
1291.4,618.97,12.744
1289.7,618.97,12.746
1289.7,618.97,12.748
1291.4,618.2,12.749
1282.7,618.97,12.751
1291.4,618.2,12.753
1291.4,618.97,12.754
1291.4,618.97,12.756
1291.4,618.97,12.758
1293.2,618.97,12.759
1298.4,618.97,12.761
1291.4,618.2,12.763
1293.2,618.97,12.764
1291.4,618.2,12.766
1289.7,618.2,12.768
1291.4,618.97,12.769
1289.7,618.2,12.771
1284.5,618.97,12.772
1289.7,618.2,12.774
1289.7,618.97,12.776
1289.7,618.97,12.777
1291.4,618.97,12.779
1291.4,618.2,12.781
1289.7,618.2,12.782
1291.4,618.2,12.785
1291.4,618.97,12.787
1289.7,618.97,12.788
1291.4,618.2,12.79
1289.7,618.2,12.792
1291.4,618.97,12.793
1291.4,618.97,12.795
1293.2,618.2,12.797
1291.4,618.97,12.798
1289.7,618.2,12.8
1291.4,618.97,12.802
1291.4,618.97,12.803
1289.7,618.2,12.805
1289.7,618.97,12.807
1291.4,618.2,12.808
1289.7,618.2,12.81
1289.7,618.97,12.812
1301.9,618.2,12.813
1291.4,618.2,12.815
1291.4,618.97,12.817
1291.4,618.2,12.818
1289.7,618.2,12.82
1291.4,618.2,12.822
1291.4,618.2,12.823
1289.7,618.2,12.825
1289.7,618.2,12.828
1288,618.2,12.829
1291.4,618.2,12.831
1288,618.2,12.833
1291.4,618.2,12.834
1289.7,618.2,12.836
1291.4,618.97,12.838
1289.7,618.97,12.839
1289.7,618.2,12.841
1291.4,618.2,12.843
1289.7,618.97,12.844
1291.4,618.97,12.846
1289.7,618.97,12.848
1289.7,618.97,12.849
1289.7,618.97,12.851
1291.4,618.2,12.853
1294.9,618.2,12.854
1288,618.2,12.856
1294.9,618.2,12.857
1294.9,618.2,12.859
1286.2,618.2,12.861
1289.7,618.2,12.862
1289.7,618.2,12.864
1289.7,618.97,12.866
1294.9,618.2,12.867
1291.4,618.2,12.87
1291.4,618.2,12.872
1288,618.2,12.873
1288,618.2,12.875
1288,618.2,12.877
1286.2,618.2,12.878
1289.7,618.2,12.88
1288,618.2,12.882
1291.4,618.2,12.883
1289.7,618.2,12.885
1289.7,618.2,12.887
1289.7,618.97,12.888
1291.4,618.2,12.89
1291.4,618.2,12.892
1286.2,618.2,12.893
1289.7,618.2,12.895
1288,618.2,12.897
1293.2,618.2,12.898
1289.7,618.2,12.9
1291.4,618.2,12.902
1291.4,618.97,12.903
1291.4,618.2,12.905
1289.7,618.2,12.907
1289.7,618.2,12.908
1288,618.97,12.91
1289.7,618.2,12.913
1289.7,618.2,12.914
1289.7,618.2,12.916
1282.7,618.2,12.918
1289.7,618.2,12.919
1284.5,618.2,12.921
1288,618.2,12.923
1291.4,618.2,12.924
1289.7,618.2,12.926
1288,618.2,12.928
1293.2,618.2,12.929
1289.7,618.2,12.931
1294.9,617.44,12.933
1296.7,618.2,12.934
1281,618.97,12.936
1289.7,618.2,12.938
1289.7,618.2,12.939
1289.7,618.2,12.941
1289.7,617.44,12.942
1294.9,618.2,12.944
1289.7,618.2,12.946
1291.4,618.2,12.947
1289.7,618.2,12.949
1288,618.2,12.951
1289.7,617.44,12.952
1289.7,617.44,12.955
1288,618.2,12.957
1288,618.2,12.958
1288,618.2,12.96
1289.7,618.2,12.962
1281,618.97,12.963
1294.9,617.44,12.965
1288,618.2,12.967
1289.7,618.2,12.968
1289.7,618.2,12.97
1294.9,617.44,12.972
1293.2,617.44,12.973
1289.7,618.2,12.975
1291.4,618.2,12.977
1288,618.2,12.978
1296.7,617.44,12.98
1288,618.2,12.982
1288,617.44,12.983
1289.7,617.44,12.985
1286.2,618.2,12.987
1288,618.2,12.988
1289.7,618.2,12.99
1289.7,618.2,12.992
1289.7,618.2,12.993
1289.7,617.44,12.995
1286.2,617.44,12.998
1294.9,618.2,12.999
1291.4,617.44,13.001
1298.4,617.44,13.003
1298.4,618.2,13.004
1300.2,617.44,13.006
1298.4,617.44,13.008
1300.2,617.44,13.009
1294.9,617.44,13.011
1288,617.44,13.013
1289.7,618.2,13.014
1289.7,618.2,13.016
1291.4,618.97,13.018
1291.4,618.97,13.019
1286.2,618.97,13.021
1293.2,619.73,13.023
1294.9,620.5,13.024
1293.2,621.27,13.026
1298.4,622.03,13.028
1296.7,622.03,13.029
1300.2,622.03,13.031
1300.2,622.03,13.032
1294.9,621.27,13.034
1294.9,620.5,13.036
1291.4,619.73,13.037
1291.4,619.73,13.04
1289.7,619.73,13.042
1293.2,619.73,13.043
1293.2,619.73,13.045
1294.9,621.27,13.047
1293.2,621.27,13.048
1296.7,622.03,13.05
1298.4,622.03,13.052
1296.7,621.27,13.053
1291.4,620.5,13.055
1293.2,620.5,13.057
1293.2,619.73,13.058
1293.2,619.73,13.06
1293.2,619.73,13.062
1289.7,619.73,13.063
1294.9,619.73,13.065
1291.4,620.5,13.067
1294.9,621.27,13.068
1296.7,621.27,13.07
1305.4,621.27,13.072
1291.4,621.27,13.073
1294.9,621.27,13.075
1294.9,620.5,13.077
1296.7,620.5,13.078
1293.2,619.73,13.08
1293.2,619.73,13.083
1293.2,619.73,13.084
1294.9,620.5,13.086
1294.9,620.5,13.088
1298.4,620.5,13.089
1294.9,621.27,13.091
1293.2,621.27,13.093
1293.2,620.5,13.094
1294.9,620.5,13.096
1291.4,620.5,13.098
1293.2,619.73,13.099
1294.9,619.73,13.101
1294.9,620.5,13.103
1294.9,619.73,13.104
1294.9,620.5,13.106
1298.4,619.73,13.108
1289.7,620.5,13.109
1294.9,620.5,13.111
1303.7,621.27,13.113
1294.9,620.5,13.114
1294.9,620.5,13.116
1294.9,619.73,13.117
1296.7,620.5,13.119
1296.7,620.5,13.121
1293.2,620.5,13.122
1293.2,620.5,13.124
1293.2,619.73,13.127
1293.2,620.5,13.128
1296.7,620.5,13.13
1293.2,620.5,13.132
1289.7,620.5,13.133
1293.2,620.5,13.135
1293.2,620.5,13.137
1294.9,620.5,13.138
1294.9,620.5,13.14
1293.2,619.73,13.142
1291.4,619.73,13.143
1289.7,619.73,13.145
1294.9,620.5,13.147
1289.7,619.73,13.148
1293.2,620.5,13.15
1293.2,619.73,13.152
1296.7,620.5,13.153
1294.9,620.5,13.155
1294.9,620.5,13.157
1296.7,620.5,13.158
1294.9,619.73,13.16
1298.4,619.73,13.162
1293.2,619.73,13.163
1293.2,619.73,13.165
1293.2,619.73,13.168
1293.2,620.5,13.169
1294.9,620.5,13.171
1293.2,620.5,13.173
1298.4,620.5,13.174
1294.9,620.5,13.176
1293.2,620.5,13.178
1294.9,619.73,13.179
1294.9,619.73,13.181
1296.7,619.73,13.183
1291.4,619.73,13.184
1293.2,619.73,13.186
1293.2,620.5,13.188
1291.4,619.73,13.189
1294.9,619.73,13.191
1294.9,620.5,13.193
1293.2,620.5,13.194
1298.4,619.73,13.196
1294.9,619.73,13.198
1293.2,619.73,13.199
1293.2,619.73,13.201
1296.7,619.73,13.203
1294.9,619.73,13.204
1293.2,619.73,13.206
1293.2,619.73,13.207
1293.2,619.73,13.209
1294.9,619.73,13.212
1293.2,619.73,13.213
1293.2,619.73,13.215
1293.2,619.73,13.217
1293.2,619.73,13.218
1293.2,619.73,13.22
1291.4,619.73,13.222
1294.9,619.73,13.223
1293.2,620.5,13.225
1291.4,619.73,13.227
1293.2,619.73,13.228
1293.2,619.73,13.23
1286.2,619.73,13.232
1300.2,619.73,13.233
1291.4,619.73,13.235
1301.9,619.73,13.237
1294.9,619.73,13.238
1293.2,619.73,13.24
1291.4,619.73,13.242
1293.2,619.73,13.243
1293.2,620.5,13.245
1293.2,619.73,13.247
1294.9,619.73,13.248
1291.4,619.73,13.25
1293.2,619.73,13.252
1289.7,619.73,13.254
1293.2,619.73,13.256
1291.4,619.73,13.258
1294.9,619.73,13.259
1293.2,619.73,13.261
1293.2,619.73,13.263
1293.2,620.5,13.264
1293.2,619.73,13.266
1289.7,619.73,13.268
1293.2,619.73,13.269
1291.4,619.73,13.271
1293.2,618.97,13.273
1291.4,619.73,13.274
1293.2,619.73,13.276
1293.2,619.73,13.278
1293.2,619.73,13.279
1293.2,618.97,13.281
1293.2,619.73,13.283
1293.2,619.73,13.284
1289.7,619.73,13.286
1291.4,619.73,13.288
1293.2,619.73,13.289
1291.4,619.73,13.291
1293.2,619.73,13.292
1291.4,619.73,13.294
1291.4,619.73,13.297
1293.2,619.73,13.298
1289.7,619.73,13.3
1293.2,619.73,13.302
1291.4,619.73,13.303
1294.9,619.73,13.305
1293.2,619.73,13.307
1291.4,619.73,13.308
1294.9,619.73,13.31
1291.4,619.73,13.312
1293.2,619.73,13.313
1291.4,619.73,13.315
1293.2,619.73,13.317
1293.2,619.73,13.318
1293.2,619.73,13.32
1291.4,619.73,13.322
1291.4,619.73,13.323
1291.4,619.73,13.325
1291.4,619.73,13.327
1291.4,619.73,13.328
1294.9,619.73,13.33
1291.4,619.73,13.332
1291.4,620.5,13.333
1291.4,618.97,13.335
1294.9,619.73,13.337
1293.2,619.73,13.339
1291.4,618.97,13.341
1293.2,619.73,13.343
1293.2,618.97,13.344
1293.2,619.73,13.346
1293.2,619.73,13.348
1293.2,619.73,13.349
1293.2,619.73,13.351
1291.4,619.73,13.353
1293.2,618.97,13.354
1293.2,619.73,13.356
1291.4,619.73,13.358
1294.9,618.97,13.359
1296.7,619.73,13.361
1293.2,619.73,13.363
1294.9,619.73,13.364
1291.4,619.73,13.366
1293.2,618.97,13.368
1291.4,619.73,13.369
1296.7,619.73,13.371
1296.7,619.73,13.373
1296.7,619.73,13.374
1293.2,619.73,13.376
1293.2,619.73,13.377
1294.9,619.73,13.379
1293.2,618.97,13.382
1293.2,619.73,13.383
1293.2,619.73,13.385
1291.4,619.73,13.387
1284.5,618.97,13.388
1289.7,618.97,13.39
1294.9,618.97,13.392
1293.2,619.73,13.393
1284.5,618.97,13.395
1293.2,618.97,13.397
1293.2,619.73,13.398
1293.2,619.73,13.4
1291.4,619.73,13.402
1293.2,618.97,13.403
1293.2,618.97,13.405
1291.4,619.73,13.407
1289.7,618.97,13.408
1293.2,619.73,13.41
1291.4,618.97,13.412
1291.4,619.73,13.413
1288,619.73,13.415
1289.7,618.97,13.417
1291.4,618.97,13.418
1293.2,619.73,13.42
1291.4,618.97,13.422
1289.7,618.97,13.424
1291.4,618.97,13.426
1289.7,618.97,13.428
1293.2,619.73,13.429
1293.2,619.73,13.431
1291.4,618.97,13.433
1291.4,619.73,13.434
1291.4,618.97,13.436
1291.4,618.97,13.438
1293.2,618.97,13.439
1293.2,619.73,13.441
1293.2,619.73,13.443
1291.4,618.97,13.444
1294.9,618.97,13.446
1291.4,618.97,13.448
1291.4,618.97,13.449
1291.4,618.97,13.451
1291.4,619.73,13.453
1289.7,619.73,13.454
1291.4,619.73,13.456
1289.7,618.97,13.458
1291.4,618.97,13.459
1291.4,618.97,13.461
1291.4,618.97,13.463
1291.4,618.97,13.464
1291.4,619.73,13.467
1291.4,618.97,13.468
1293.2,618.97,13.47
1291.4,618.97,13.472
1289.7,618.97,13.473
1291.4,618.97,13.475
1291.4,618.97,13.477
1293.2,618.97,13.478
1291.4,618.97,13.48
1291.4,618.97,13.482
1291.4,618.97,13.483
1288,618.97,13.485
1298.4,618.97,13.487
1291.4,618.97,13.488
1298.4,618.97,13.49
1289.7,618.97,13.492
1291.4,618.97,13.493
1291.4,618.97,13.495
1289.7,618.97,13.497
1291.4,618.97,13.498
1293.2,618.97,13.5
1301.9,618.97,13.502
1301.9,618.97,13.503
1303.7,618.97,13.505
1301.9,618.97,13.507
1303.7,618.97,13.508
1301.9,618.97,13.511
1291.4,618.97,13.513
1293.2,618.97,13.514
1291.4,619.73,13.516
1294.9,619.73,13.518
1293.2,619.73,13.519
1293.2,620.5,13.521
1294.9,621.27,13.523
1294.9,621.27,13.524
1296.7,621.27,13.526
1298.4,622.03,13.528
1298.4,622.8,13.529
1298.4,622.8,13.531
1298.4,622.8,13.533
1296.7,622.03,13.534
1296.7,621.27,13.536
1294.9,621.27,13.538
1294.9,619.73,13.539
1294.9,620.5,13.541
1294.9,620.5,13.543
1294.9,620.5,13.544
1294.9,621.27,13.546
1296.7,621.27,13.548
1298.4,622.03,13.549
1298.4,622.03,13.552
1298.4,622.03,13.553
1298.4,622.03,13.555
1296.7,622.03,13.557
1296.7,620.5,13.558
1296.7,620.5,13.56
1293.2,620.5,13.562
1294.9,621.27,13.563
1296.7,621.27,13.565
1296.7,621.27,13.567
1298.4,621.27,13.568
1296.7,622.03,13.57
1298.4,622.03,13.572
1296.7,622.03,13.573
1296.7,622.03,13.575
1293.2,621.27,13.577
1294.9,621.27,13.578
1296.7,620.5,13.58
1296.7,621.27,13.582
1294.9,620.5,13.583
1293.2,620.5,13.585
1294.9,621.27,13.587
1296.7,621.27,13.588
1296.7,622.03,13.59
1294.9,622.03,13.592
1296.7,621.27,13.593
1294.9,621.27,13.596
1296.7,621.27,13.598
1294.9,621.27,13.599
1294.9,620.5,13.601
1294.9,621.27,13.603
1291.4,620.5,13.604
1296.7,620.5,13.606
1294.9,621.27,13.608
1296.7,621.27,13.609
1294.9,621.27,13.611
1296.7,621.27,13.613
1294.9,621.27,13.614
1296.7,621.27,13.616
1294.9,621.27,13.618
1294.9,621.27,13.619
1294.9,621.27,13.621
1294.9,620.5,13.623
1294.9,620.5,13.624
1294.9,620.5,13.626
1294.9,621.27,13.628
1298.4,621.27,13.629
1294.9,621.27,13.631
1294.9,621.27,13.633
1294.9,621.27,13.634
1296.7,621.27,13.636
1296.7,621.27,13.639
1296.7,621.27,13.64
1294.9,619.73,13.642
1294.9,620.5,13.643
1294.9,621.27,13.645
1294.9,621.27,13.647
1294.9,621.27,13.648
1294.9,620.5,13.65
1294.9,621.27,13.652
1301.9,621.27,13.653
1289.7,621.27,13.655
1303.7,621.27,13.657
1303.7,621.27,13.658
1296.7,620.5,13.66
1294.9,621.27,13.662
1294.9,620.5,13.663
1294.9,621.27,13.665
1296.7,621.27,13.667
1294.9,621.27,13.668
1296.7,620.5,13.67
1294.9,620.5,13.672
1300.2,621.27,13.673
1294.9,621.27,13.675
1296.7,621.27,13.677
1296.7,620.5,13.678
1296.7,620.5,13.681
1294.9,620.5,13.683
1294.9,620.5,13.684
1294.9,621.27,13.686
1294.9,621.27,13.688
1303.7,621.27,13.689
1296.7,620.5,13.691
1294.9,620.5,13.693
1291.4,621.27,13.694
1294.9,621.27,13.696
1296.7,621.27,13.698
1296.7,620.5,13.699
1294.9,620.5,13.701
1294.9,621.27,13.703
1294.9,621.27,13.704
1294.9,620.5,13.706
1296.7,620.5,13.708
1294.9,620.5,13.709
1294.9,621.27,13.711
1294.9,620.5,13.713
1296.7,621.27,13.714
1294.9,620.5,13.716
1303.7,621.27,13.718
1296.7,621.27,13.719
1294.9,621.27,13.721
1296.7,620.5,13.724
1294.9,621.27,13.725
1294.9,620.5,13.727
1294.9,620.5,13.728
1294.9,620.5,13.73
1294.9,620.5,13.732
1294.9,621.27,13.733
1293.2,620.5,13.735
1293.2,620.5,13.737
1293.2,621.27,13.738
1294.9,620.5,13.74
1294.9,620.5,13.742
1294.9,620.5,13.743
1294.9,620.5,13.745
1296.7,620.5,13.747
1298.4,620.5,13.748
1294.9,620.5,13.75
1296.7,620.5,13.752
1294.9,620.5,13.753
1296.7,621.27,13.755
1296.7,621.27,13.757
1294.9,620.5,13.758
1294.9,620.5,13.76
1294.9,621.27,13.762
1296.7,620.5,13.763
1296.7,620.5,13.766
1294.9,620.5,13.768
1301.9,619.73,13.769
1296.7,620.5,13.771
1303.7,620.5,13.773
1293.2,621.27,13.774
1294.9,621.27,13.776
1294.9,620.5,13.778
1294.9,620.5,13.779
1294.9,621.27,13.781
1298.4,620.5,13.783
1294.9,620.5,13.784
1298.4,620.5,13.786
1294.9,620.5,13.788
1296.7,620.5,13.789
1294.9,621.27,13.791
1294.9,620.5,13.793
1293.2,620.5,13.794
1298.4,620.5,13.796
1296.7,620.5,13.798
1293.2,620.5,13.799
1293.2,620.5,13.801
1294.9,620.5,13.803
1294.9,620.5,13.804
1294.9,620.5,13.806
1293.2,620.5,13.809
1294.9,620.5,13.81
1298.4,620.5,13.812
1293.2,621.27,13.813
1294.9,620.5,13.815
1294.9,620.5,13.817
1298.4,620.5,13.818
1294.9,620.5,13.82
1294.9,620.5,13.822
1300.2,621.27,13.823
1298.4,620.5,13.825
1298.4,620.5,13.827
1294.9,620.5,13.828
1294.9,619.73,13.83
1294.9,620.5,13.832
1294.9,620.5,13.833
1294.9,620.5,13.835
1294.9,620.5,13.837
1296.7,620.5,13.838
1294.9,620.5,13.84
1293.2,620.5,13.842
1298.4,620.5,13.843
1293.2,620.5,13.845
1293.2,620.5,13.847
1294.9,620.5,13.848
1294.9,620.5,13.851
1293.2,620.5,13.853
1294.9,620.5,13.854
1294.9,620.5,13.856
1293.2,620.5,13.858
1294.9,620.5,13.859
1294.9,620.5,13.861
1289.7,620.5,13.863
1294.9,620.5,13.864
1294.9,620.5,13.866
1294.9,620.5,13.868
1293.2,620.5,13.869
1286.2,620.5,13.871
1293.2,620.5,13.873
1296.7,620.5,13.874
1293.2,620.5,13.876
1294.9,620.5,13.878
1294.9,620.5,13.879
1294.9,620.5,13.881
1293.2,620.5,13.883
1289.7,620.5,13.884
1293.2,620.5,13.886
1296.7,620.5,13.888
1293.2,620.5,13.889
1294.9,620.5,13.891
1293.2,620.5,13.894
1288,620.5,13.895
1294.9,620.5,13.897
1293.2,620.5,13.899
1293.2,620.5,13.9
1298.4,619.73,13.902
1293.2,620.5,13.903
1293.2,619.73,13.905
1303.7,620.5,13.907
1291.4,620.5,13.908
1294.9,620.5,13.91
1291.4,620.5,13.912
1294.9,620.5,13.913
1294.9,620.5,13.915
1294.9,620.5,13.917
1293.2,620.5,13.918
1293.2,620.5,13.92
1291.4,620.5,13.922
1293.2,620.5,13.923
1301.9,620.5,13.925
1294.9,620.5,13.927
1294.9,620.5,13.928
1294.9,620.5,13.93
1294.9,619.73,13.932
1289.7,620.5,13.933
1293.2,620.5,13.936
1294.9,620.5,13.938
1293.2,619.73,13.939
1291.4,619.73,13.941
1293.2,620.5,13.943
1294.9,620.5,13.944
1293.2,620.5,13.946
1294.9,619.73,13.948
1298.4,619.73,13.949
1300.2,620.5,13.951
1293.2,620.5,13.953
1293.2,619.73,13.954
1293.2,619.73,13.956
1294.9,619.73,13.958
1294.9,620.5,13.959
1293.2,619.73,13.961
1286.2,619.73,13.963
1294.9,620.5,13.964
1298.4,620.5,13.966
1293.2,620.5,13.968
1294.9,620.5,13.969
1293.2,619.73,13.971
1291.4,619.73,13.973
1301.9,619.73,13.974
1291.4,619.73,13.976
1293.2,620.5,13.979
1293.2,619.73,13.98
1294.9,619.73,13.982
1291.4,620.5,13.984
1286.2,619.73,13.985
1291.4,620.5,13.987
1294.9,619.73,13.988
1294.9,620.5,13.99
1291.4,620.5,13.992
1293.2,619.73,13.993
1293.2,619.73,13.995
1298.4,619.73,13.997
1293.2,619.73,13.998
1298.4,620.5,14
1303.7,619.73,14.002
1312.4,620.5,14.003
1296.7,619.73,14.005
1314.1,619.73,14.007
1303.7,620.5,14.008
1303.7,619.73,14.01
1307.1,620.5,14.012
1291.4,620.5,14.013
1294.9,619.73,14.015
1293.2,619.73,14.017
1293.2,620.5,14.018
1294.9,620.5,14.02
1296.7,621.27,14.023
1296.7,621.27,14.024
1296.7,622.03,14.026
1296.7,622.8,14.028
1300.2,623.56,14.029
1300.2,623.56,14.031
1301.9,623.56,14.033
1301.9,623.56,14.034
1301.9,622.8,14.036
1298.4,622.8,14.038
1296.7,622.8,14.039
1303.7,622.03,14.041
1294.9,622.03,14.043
1298.4,622.03,14.044
1296.7,622.8,14.046
1300.2,622.8,14.048
1298.4,622.8,14.049
1300.2,623.56,14.051
1300.2,623.56,14.053
1300.2,623.56,14.054
1301.9,622.8,14.056
1305.4,622.03,14.058
1291.4,622.03,14.059
1301.9,621.27,14.061
1296.7,622.03,14.064
1298.4,622.03,14.065
1298.4,622.03,14.067
1298.4,622.03,14.069
1296.7,622.8,14.07
1300.2,622.8,14.072
1300.2,622.8,14.074
1298.4,623.56,14.075
1303.7,623.56,14.077
1298.4,622.03,14.078
1298.4,622.03,14.08
1298.4,622.03,14.082
1298.4,622.03,14.083
1298.4,622.03,14.085
1296.7,622.03,14.087
1298.4,622.03,14.088
1300.2,622.8,14.09
1298.4,622.8,14.092
1305.4,622.8,14.093
1294.9,622.8,14.095
1300.2,622.8,14.097
1298.4,622.8,14.098
1296.7,622.03,14.1
1300.2,622.03,14.102
1293.2,622.03,14.103
1298.4,622.03,14.105
1303.7,622.03,14.108
1296.7,622.8,14.109
1298.4,622.03,14.111
1298.4,622.8,14.113
1300.2,622.8,14.114
1298.4,622.8,14.116
1298.4,622.03,14.118
1305.4,622.8,14.119
1298.4,622.03,14.121
1298.4,622.03,14.123
1298.4,622.03,14.124
1300.2,622.03,14.126
1296.7,622.03,14.128
1298.4,622.03,14.129
1298.4,622.03,14.131
1300.2,622.03,14.133
1294.9,622.03,14.134
1298.4,622.8,14.136
1298.4,622.03,14.138
1296.7,622.8,14.139
1296.7,622.8,14.141
1298.4,622.03,14.143
1296.7,622.03,14.144
1301.9,622.03,14.146
1298.4,622.03,14.148
1298.4,622.03,14.15
1300.2,622.03,14.152
1298.4,622.03,14.154
1296.7,622.03,14.155
1298.4,622.8,14.157
1296.7,622.8,14.159
1296.7,622.03,14.16
1296.7,622.03,14.162
1298.4,622.03,14.163
1298.4,622.03,14.165
1298.4,622.03,14.167
1298.4,622.03,14.168
1298.4,622.03,14.17
1298.4,622.03,14.172
1296.7,622.03,14.173
1298.4,622.03,14.175
1300.2,622.03,14.177
1296.7,622.03,14.178
1300.2,622.03,14.18
1294.9,622.03,14.182
1298.4,622.03,14.183
1298.4,622.03,14.185
1298.4,621.27,14.187
1298.4,622.03,14.188
1298.4,622.03,14.19
1298.4,622.03,14.193
1298.4,622.03,14.194
1298.4,622.03,14.196
1298.4,622.03,14.198
1305.4,622.03,14.199
1298.4,622.03,14.201
1303.7,622.03,14.203
1298.4,622.03,14.204
1296.7,622.03,14.206
1307.1,621.27,14.208
1298.4,622.03,14.209
1298.4,622.03,14.211
1296.7,622.03,14.213
1296.7,622.03,14.214
1301.9,622.03,14.216
1296.7,622.03,14.218
1298.4,622.03,14.219
1301.9,622.03,14.221
1298.4,622.03,14.223
1298.4,622.03,14.224
1298.4,622.03,14.226
1294.9,622.03,14.228
1296.7,622.03,14.229
1298.4,622.03,14.231
1298.4,622.03,14.233
1298.4,622.03,14.235
1303.7,621.27,14.237
1298.4,622.03,14.239
1298.4,622.03,14.24
1294.9,622.03,14.242
1296.7,622.03,14.244
1300.2,622.03,14.245
1301.9,621.27,14.247
1301.9,622.03,14.248
1294.9,622.03,14.25
1296.7,622.03,14.252
1296.7,622.03,14.253
1296.7,622.03,14.255
1293.2,621.27,14.257
1296.7,622.03,14.258
1298.4,622.03,14.26
1296.7,622.03,14.262
1298.4,622.03,14.263
1305.4,622.03,14.265
1296.7,622.03,14.267
1296.7,622.03,14.268
1296.7,622.03,14.27
1296.7,622.03,14.272
1298.4,621.27,14.273
1296.7,622.03,14.275
1296.7,621.27,14.278
1294.9,622.03,14.279
1300.2,622.03,14.281
1296.7,622.03,14.283
1296.7,621.27,14.284
1296.7,622.03,14.286
1294.9,622.03,14.288
1294.9,622.03,14.289
1294.9,621.27,14.291
1298.4,622.03,14.293
1300.2,622.03,14.294
1294.9,622.03,14.296
1294.9,621.27,14.298
1294.9,622.03,14.299
1294.9,622.03,14.301
1296.7,622.03,14.303
1293.2,621.27,14.304
1296.7,622.03,14.306
1301.9,621.27,14.308
1298.4,622.03,14.309
1296.7,622.03,14.311
1296.7,622.03,14.313
1298.4,621.27,14.314
1298.4,621.27,14.316
1298.4,621.27,14.318
1296.7,622.03,14.32
1303.7,622.03,14.322
1296.7,621.27,14.324
1296.7,621.27,14.325
1296.7,622.03,14.327
1296.7,622.03,14.329
1298.4,622.03,14.33
1298.4,622.03,14.332
1296.7,622.03,14.334
1298.4,621.27,14.335
1296.7,622.03,14.337
1296.7,621.27,14.338
1296.7,622.03,14.34
1294.9,621.27,14.342
1294.9,622.03,14.343
1296.7,621.27,14.345
1296.7,620.5,14.347
1296.7,622.03,14.348
1298.4,622.03,14.35
1293.2,621.27,14.352
1296.7,621.27,14.353
1296.7,622.03,14.355
1296.7,621.27,14.357
1294.9,621.27,14.358
1298.4,621.27,14.36
1296.7,621.27,14.363
1298.4,622.03,14.364
1298.4,621.27,14.366
1294.9,622.03,14.368
1294.9,622.03,14.369
1294.9,622.03,14.371
1294.9,621.27,14.373
1296.7,621.27,14.374
1293.2,621.27,14.376
1296.7,621.27,14.378
1294.9,621.27,14.379
1294.9,621.27,14.381
1291.4,621.27,14.383
1298.4,621.27,14.384
1294.9,621.27,14.386
1294.9,621.27,14.388
1293.2,621.27,14.389
1300.2,621.27,14.391
1294.9,621.27,14.393
1294.9,622.03,14.394
1294.9,621.27,14.396
1296.7,621.27,14.398
1293.2,621.27,14.399
1293.2,621.27,14.401
1294.9,621.27,14.403
1298.4,621.27,14.404
1296.7,621.27,14.407
1296.7,621.27,14.409
1293.2,621.27,14.41
1296.7,621.27,14.412
1296.7,622.03,14.414
1298.4,621.27,14.415
1294.9,621.27,14.417
1294.9,621.27,14.419
1294.9,621.27,14.42
1293.2,621.27,14.422
1291.4,621.27,14.423
1293.2,621.27,14.425
1294.9,621.27,14.427
1294.9,621.27,14.428
1294.9,621.27,14.43
1294.9,621.27,14.432
1298.4,621.27,14.433
1296.7,621.27,14.435
1296.7,621.27,14.437
1300.2,621.27,14.438
1296.7,621.27,14.44
1296.7,622.03,14.442
1294.9,621.27,14.443
1291.4,621.27,14.445
1294.9,621.27,14.448
1296.7,621.27,14.449
1294.9,621.27,14.451
1296.7,621.27,14.453
1300.2,621.27,14.454
1296.7,621.27,14.456
1294.9,621.27,14.458
1294.9,621.27,14.459
1294.9,621.27,14.461
1294.9,621.27,14.463
1296.7,621.27,14.464
1303.7,621.27,14.466
1293.2,621.27,14.468
1296.7,621.27,14.469
1296.7,621.27,14.471
1296.7,622.03,14.473
1305.4,621.27,14.474
1294.9,622.03,14.476
1296.7,621.27,14.478
1294.9,621.27,14.479
1293.2,621.27,14.481
1298.4,621.27,14.483
1294.9,621.27,14.484
1296.7,621.27,14.486
1296.7,621.27,14.488
1293.2,621.27,14.489
1296.7,621.27,14.492
1296.7,621.27,14.494
1294.9,621.27,14.495
1294.9,621.27,14.497
1296.7,621.27,14.499
1296.7,621.27,14.5
1307.1,621.27,14.502
1307.1,621.27,14.504
1307.1,621.27,14.505
1307.1,621.27,14.507
1308.9,621.27,14.509
1305.4,621.27,14.51
1307.1,621.27,14.512
1293.2,621.27,14.513
1296.7,621.27,14.515
1296.7,621.27,14.517
1294.9,621.27,14.518
1294.9,621.27,14.52
1294.9,622.03,14.522
1298.4,622.03,14.523
1298.4,622.03,14.525
1298.4,623.56,14.527
1301.9,623.56,14.528
1300.2,624.33,14.53
1303.7,624.33,14.532
1303.7,624.33,14.534
1300.2,623.56,14.536
1300.2,623.56,14.538
1298.4,622.8,14.539
1298.4,622.8,14.541
1296.7,622.03,14.543
1298.4,622.03,14.544
1298.4,622.8,14.546
1300.2,623.56,14.548
1301.9,623.56,14.549
1301.9,624.33,14.551
1301.9,623.56,14.553
1300.2,623.56,14.554
1293.2,623.56,14.556
1300.2,622.8,14.558
1300.2,623.56,14.559
1301.9,622.8,14.561
1301.9,622.03,14.563
1293.2,622.03,14.564
1300.2,622.8,14.566
1300.2,622.8,14.568
1300.2,623.56,14.569
1294.9,623.56,14.571
1301.9,623.56,14.573
1301.9,623.56,14.574
1298.4,623.56,14.577
1301.9,623.56,14.579
1298.4,622.8,14.58
1300.2,622.8,14.582
1298.4,622.8,14.584
1305.4,622.8,14.585
1298.4,622.8,14.587
1298.4,622.8,14.589
1298.4,622.8,14.59
1303.7,623.56,14.592
1298.4,622.8,14.594
1301.9,623.56,14.595
1298.4,623.56,14.597
1298.4,623.56,14.598
1300.2,623.56,14.6
1298.4,622.8,14.602
1296.7,622.8,14.603
1298.4,622.8,14.605
1298.4,622.8,14.607
1296.7,622.8,14.608
1300.2,623.56,14.61
1298.4,622.8,14.612
1300.2,623.56,14.613
1298.4,623.56,14.615
1300.2,623.56,14.617
1300.2,622.8,14.619
1298.4,622.8,14.621
1293.2,622.8,14.623
1296.7,622.8,14.624
1298.4,623.56,14.626
1298.4,622.8,14.628
1293.2,622.8,14.629
1298.4,622.8,14.631
1296.7,623.56,14.633
1300.2,622.8,14.634
1298.4,622.8,14.636
1298.4,623.56,14.638
1298.4,623.56,14.639
1300.2,622.8,14.641
1300.2,622.8,14.643
1301.9,622.8,14.644
1298.4,622.8,14.646
1300.2,622.8,14.648
1305.4,622.8,14.649
1300.2,622.8,14.651
1300.2,622.8,14.653
1298.4,622.8,14.654
1298.4,622.8,14.656
1300.2,622.8,14.658
1300.2,622.8,14.659
1300.2,622.8,14.662
1300.2,622.8,14.664
1298.4,622.8,14.665
1298.4,622.8,14.667
1300.2,622.8,14.669
1298.4,622.8,14.67
1298.4,622.8,14.672
1300.2,623.56,14.674
1300.2,622.8,14.675
1298.4,622.8,14.677
1298.4,622.8,14.679
1296.7,622.8,14.68
1300.2,622.8,14.682
1298.4,622.8,14.683
1298.4,622.8,14.685
1300.2,622.8,14.687
1294.9,622.8,14.688
1298.4,622.8,14.69
1300.2,622.8,14.692
1296.7,623.56,14.693
1298.4,622.8,14.695
1298.4,622.8,14.697
1298.4,622.8,14.698
1298.4,622.8,14.7
1298.4,622.8,14.702
1296.7,622.8,14.704
1305.4,622.03,14.706
1298.4,622.8,14.708
1300.2,622.03,14.709
1298.4,622.8,14.711
1300.2,622.8,14.713
1301.9,622.8,14.714
1298.4,622.8,14.716
1300.2,622.8,14.718
1298.4,622.8,14.719
1300.2,622.8,14.721
1300.2,622.8,14.723
1298.4,622.8,14.724
1298.4,622.8,14.726
1301.9,622.8,14.728
1298.4,622.8,14.729
1298.4,622.8,14.731
1301.9,622.03,14.733
1291.4,622.8,14.734
1300.2,622.8,14.736
1300.2,622.8,14.738
1298.4,622.8,14.739
1300.2,622.8,14.741
1298.4,622.8,14.743
1298.4,622.8,14.744
1298.4,622.8,14.747
1298.4,622.8,14.749
1298.4,622.8,14.75
1296.7,622.8,14.752
1298.4,622.03,14.754
1298.4,622.8,14.755
1294.9,622.8,14.757
1300.2,622.8,14.759
1298.4,622.8,14.76
1300.2,622.03,14.762
1298.4,622.8,14.764
1298.4,622.8,14.765
1298.4,622.8,14.767
1298.4,622.8,14.769
1300.2,622.8,14.77
1298.4,622.8,14.772
1298.4,622.03,14.773
1296.7,622.8,14.775
1291.4,622.03,14.777
1298.4,622.8,14.778
1298.4,622.8,14.78
1305.4,622.8,14.782
1296.7,622.8,14.783
1300.2,622.8,14.785
1296.7,622.8,14.787
1296.7,622.8,14.788
1307.1,622.03,14.791
1296.7,622.8,14.793
1298.4,622.03,14.794
1296.7,622.8,14.796
1298.4,622.8,14.798
1298.4,622.8,14.799
1289.7,622.8,14.801
1298.4,622.8,14.803
1298.4,622.8,14.804
1298.4,622.8,14.806
1298.4,622.03,14.808
1296.7,622.8,14.809
1300.2,622.8,14.811
1298.4,622.03,14.813
1298.4,623.56,14.814
1298.4,622.03,14.816
1296.7,622.03,14.818
1293.2,622.03,14.819
1300.2,622.8,14.821
1296.7,622.8,14.823
1294.9,622.8,14.824
1296.7,622.03,14.826
1296.7,622.8,14.828
1298.4,622.03,14.829
1300.2,622.8,14.832
1298.4,622.03,14.834
1296.7,622.8,14.835
1296.7,622.8,14.837
1298.4,622.03,14.839
1298.4,622.8,14.84
1296.7,622.8,14.842
1296.7,622.03,14.844
1298.4,622.03,14.845
1300.2,622.03,14.847
1298.4,622.03,14.849
1298.4,622.03,14.85
1298.4,622.03,14.852
1296.7,622.03,14.854
1294.9,622.03,14.855
1298.4,622.8,14.857
1298.4,622.8,14.858
1296.7,622.03,14.86
1298.4,622.03,14.862
1296.7,622.03,14.863
1296.7,622.03,14.865
1296.7,622.8,14.867
1298.4,622.03,14.868
1298.4,622.03,14.87
1298.4,622.03,14.872
1293.2,622.03,14.873
1289.7,622.8,14.876
1293.2,622.8,14.878
1296.7,622.03,14.879
1298.4,622.8,14.881
1298.4,622.03,14.883
1296.7,623.56,14.884
1301.9,622.03,14.886
1298.4,622.03,14.888
1300.2,622.03,14.889
1294.9,622.03,14.891
1296.7,622.03,14.893
1296.7,622.03,14.894
1298.4,622.03,14.896
1298.4,622.8,14.898
1298.4,622.03,14.899
1296.7,622.8,14.901
1298.4,622.03,14.903
1298.4,622.03,14.904
1298.4,622.03,14.906
1296.7,622.03,14.908
1288,622.03,14.909
1298.4,622.03,14.911
1301.9,622.03,14.913
1296.7,622.03,14.914
1296.7,622.03,14.916
1296.7,622.03,14.919
1296.7,622.03,14.92
1303.7,622.03,14.922
1296.7,622.03,14.924
1294.9,622.03,14.925
1298.4,622.03,14.927
1298.4,622.03,14.929
1298.4,622.8,14.93
1307.1,622.03,14.932
1296.7,622.03,14.934
1296.7,622.03,14.935
1296.7,622.03,14.937
1296.7,622.03,14.939
1296.7,622.03,14.94
1305.4,622.03,14.942
1296.7,622.03,14.944
1294.9,622.03,14.945
1298.4,622.03,14.947
1296.7,622.03,14.948
1298.4,622.03,14.95
1296.7,622.03,14.952
1296.7,622.03,14.953
1298.4,622.03,14.955
1305.4,622.03,14.957
1298.4,622.03,14.958
1294.9,622.03,14.961
1293.2,622.03,14.963
1296.7,622.03,14.964
1294.9,622.8,14.966
1296.7,622.03,14.968
1296.7,622.03,14.969
1296.7,622.03,14.971
1298.4,622.03,14.973
1296.7,622.03,14.974
1296.7,622.03,14.976
1296.7,622.03,14.978
1298.4,622.03,14.979
1296.7,622.03,14.981
1298.4,621.27,14.983
1296.7,622.03,14.984
1300.2,622.03,14.986
1301.9,622.03,14.988
1296.7,622.03,14.989
1300.2,622.03,14.991
1296.7,622.03,14.993
1296.7,621.27,14.994
1296.7,622.03,14.996
1296.7,622.03,14.998
1296.7,622.03,14.999
1300.2,622.03,15.001
1308.9,622.8,15.004
1308.9,622.03,15.005
1307.1,622.03,15.007
1307.1,622.8,15.009
1307.1,622.03,15.01
1305.4,621.27,15.012
1296.7,622.03,15.014
1293.2,622.03,15.015
1301.9,622.03,15.017
1294.9,622.03,15.019
1298.4,622.03,15.02
1298.4,622.8,15.022
1298.4,622.8,15.024
1296.7,622.8,15.025
1300.2,623.56,15.027
1300.2,624.33,15.029
1307.1,625.09,15.03
1303.7,624.33,15.032
1301.9,624.33,15.033
1300.2,623.56,15.035
1298.4,623.56,15.037
1298.4,623.56,15.038
1298.4,622.03,15.04
1296.7,622.8,15.042
1298.4,622.8,15.043
1300.2,622.8,15.046
1296.7,623.56,15.048
1300.2,624.33,15.049
1301.9,624.33,15.051
1300.2,624.33,15.053
1300.2,624.33,15.054
1301.9,623.56,15.056
1294.9,623.56,15.058
1296.7,622.8,15.059
1296.7,622.8,15.061
1298.4,622.8,15.063
1294.9,622.8,15.064
1298.4,622.8,15.066
1298.4,622.8,15.068
1301.9,623.56,15.069
1301.9,623.56,15.071
1301.9,623.56,15.073
1298.4,623.56,15.074
1294.9,623.56,15.076
1300.2,622.8,15.078
1298.4,622.8,15.079
1296.7,622.8,15.081
1298.4,622.8,15.083
1293.2,622.8,15.084
1298.4,622.8,15.086
1300.2,623.56,15.089
1301.9,623.56,15.09
1300.2,623.56,15.092
1298.4,623.56,15.094
1300.2,623.56,15.095
1298.4,623.56,15.097
1294.9,622.8,15.099
1296.7,622.8,15.1
1298.4,622.8,15.102
1296.7,622.8,15.104
1298.4,622.8,15.105
1291.4,623.56,15.107
1298.4,623.56,15.109
1300.2,622.8,15.11
1300.2,622.8,15.112
1300.2,623.56,15.114
1300.2,623.56,15.115
1300.2,623.56,15.117
1300.2,623.56,15.118
1300.2,622.8,15.12
1303.7,622.8,15.122
1298.4,622.8,15.123
1298.4,623.56,15.125
1298.4,622.8,15.127
1303.7,623.56,15.128
1301.9,622.8,15.131
1300.2,622.8,15.133
1298.4,623.56,15.134
1301.9,622.8,15.136
1300.2,623.56,15.138
1301.9,623.56,15.139
1298.4,622.8,15.141
1298.4,623.56,15.143
1296.7,622.8,15.144
1298.4,622.8,15.146
1293.2,622.8,15.148
1298.4,622.8,15.149
1300.2,622.8,15.151
1300.2,622.8,15.153
1298.4,623.56,15.154
1296.7,623.56,15.156
1305.4,623.56,15.158
1305.4,623.56,15.159
1298.4,623.56,15.161
1300.2,623.56,15.163
1296.7,622.8,15.164
1298.4,622.8,15.166
1298.4,622.8,15.168
1294.9,622.8,15.169
1300.2,623.56,15.171
1303.7,623.56,15.174
1293.2,622.8,15.175
1298.4,623.56,15.177
1298.4,623.56,15.179
1300.2,622.8,15.18
1301.9,622.8,15.182
1300.2,622.8,15.184
1298.4,622.8,15.185
1296.7,622.8,15.187
1300.2,622.8,15.189
1300.2,622.8,15.19
1298.4,622.8,15.192
1298.4,623.56,15.194
1300.2,623.56,15.195
1300.2,623.56,15.197
1300.2,622.8,15.199
1301.9,622.8,15.2
1300.2,622.8,15.202
1298.4,622.8,15.204
1298.4,622.8,15.205
1300.2,622.8,15.207
1300.2,622.8,15.208
1298.4,622.8,15.21
1298.4,623.56,15.212
1298.4,622.8,15.213
1298.4,622.8,15.216
1298.4,623.56,15.218
1298.4,622.8,15.219
1298.4,623.56,15.221
1298.4,622.8,15.223
1301.9,622.8,15.224
1298.4,622.8,15.226
1305.4,622.8,15.228
1301.9,622.03,15.229
1298.4,622.8,15.231
1298.4,622.8,15.233
1296.7,623.56,15.234
1298.4,622.8,15.236
1296.7,622.8,15.238
1294.9,622.8,15.239
1293.2,622.8,15.241
1296.7,622.8,15.243
1294.9,622.8,15.244
1298.4,622.8,15.246
1296.7,622.8,15.248
1303.7,622.8,15.249
1298.4,623.56,15.251
1298.4,622.8,15.253
1298.4,622.8,15.254
1298.4,622.8,15.256
1300.2,622.8,15.259
1294.9,622.8,15.26
1298.4,623.56,15.262
1298.4,622.8,15.264
1298.4,622.8,15.265
1305.4,622.8,15.267
1296.7,622.8,15.269
1298.4,622.8,15.27
1300.2,622.8,15.272
1298.4,622.8,15.274
1300.2,622.8,15.275
1298.4,622.8,15.277
1308.9,622.8,15.279
1298.4,622.8,15.28
1300.2,622.8,15.282
1296.7,622.8,15.284
1298.4,622.8,15.285
1298.4,622.8,15.287
1300.2,623.56,15.289
1300.2,622.8,15.29
1298.4,622.8,15.292
1303.7,622.8,15.293
1298.4,622.8,15.295
1298.4,622.8,15.297
1300.2,622.8,15.298
1298.4,622.8,15.3
1298.4,622.8,15.303
1298.4,622.8,15.304
1298.4,622.8,15.306
1301.9,622.8,15.308
1298.4,622.8,15.309
1298.4,622.8,15.311
1300.2,622.8,15.313
1298.4,622.8,15.314
1300.2,622.8,15.316
1298.4,622.8,15.318
1303.7,622.8,15.319
1298.4,622.8,15.321
1300.2,622.8,15.323
1298.4,622.8,15.324
1301.9,622.8,15.326
1298.4,622.8,15.328
1303.7,622.8,15.329
1300.2,622.8,15.331
1298.4,622.8,15.333
1303.7,622.8,15.334
1298.4,622.8,15.336
1298.4,622.03,15.338
1298.4,622.8,15.339
1296.7,622.8,15.341
1298.4,622.8,15.344
1298.4,622.8,15.345
1296.7,622.8,15.347
1300.2,622.8,15.349
1298.4,622.8,15.35
1298.4,622.8,15.352
1298.4,622.8,15.354
1298.4,622.8,15.355
1298.4,622.8,15.357
1298.4,622.8,15.359
1296.7,622.03,15.36
1298.4,622.8,15.362
1298.4,622.8,15.364
1298.4,622.8,15.365
1298.4,622.8,15.367
1301.9,622.8,15.369
1293.2,622.8,15.37
1298.4,622.03,15.372
1296.7,622.8,15.374
1291.4,622.8,15.375
1294.9,622.8,15.377
1298.4,622.8,15.379
1298.4,622.8,15.38
1298.4,622.8,15.382
1294.9,622.8,15.383
1296.7,622.8,15.385
1298.4,622.03,15.388
1298.4,622.8,15.389
1289.7,622.8,15.391
1291.4,622.8,15.393
1294.9,622.03,15.394
1298.4,622.8,15.396
1298.4,622.8,15.398
1298.4,622.8,15.399
1296.7,623.56,15.401
1298.4,622.03,15.403
1298.4,622.03,15.404
1298.4,622.8,15.406
1300.2,622.03,15.408
1296.7,622.03,15.409
1298.4,622.03,15.411
1298.4,622.8,15.413
1294.9,622.8,15.414
1298.4,622.8,15.416
1300.2,622.03,15.418
1294.9,622.03,15.419
1291.4,622.8,15.421
1293.2,622.8,15.423
1298.4,622.8,15.424
1296.7,622.03,15.426
1294.9,622.03,15.428
1298.4,622.03,15.43
1298.4,622.03,15.432
1298.4,622.8,15.434
1298.4,622.8,15.435
1298.4,622.8,15.437
1300.2,622.8,15.439
1296.7,622.8,15.44
1298.4,622.03,15.442
1303.7,622.8,15.444
1298.4,622.03,15.445
1296.7,622.8,15.447
1305.4,622.03,15.449
1298.4,622.03,15.45
1298.4,622.03,15.452
1296.7,622.8,15.454
1296.7,622.8,15.455
1298.4,622.03,15.457
1298.4,622.03,15.459
1296.7,622.8,15.46
1298.4,622.03,15.462
1296.7,622.8,15.464
1298.4,622.03,15.465
1301.9,622.8,15.467
1296.7,622.03,15.468
1298.4,622.8,15.47
1298.4,622.8,15.473
1296.7,622.8,15.474
1298.4,622.03,15.476
1293.2,622.8,15.478
1298.4,622.03,15.479
1296.7,622.03,15.481
1294.9,622.8,15.483
1298.4,622.8,15.484
1298.4,622.8,15.486
1298.4,622.8,15.488
1298.4,622.03,15.489
1296.7,622.03,15.491
1298.4,622.03,15.493
1296.7,622.03,15.494
1301.9,622.03,15.496
1296.7,622.03,15.498
1296.7,622.03,15.499
1298.4,622.03,15.501
1307.1,622.8,15.503
1310.6,622.03,15.504
1308.9,622.03,15.506
1314.1,622.8,15.508
1307.1,622.8,15.509
1307.1,622.8,15.511
1296.7,622.03,15.513
1296.7,622.8,15.515
1298.4,622.8,15.517
1298.4,622.03,15.519
1294.9,622.8,15.52
1298.4,622.8,15.522
1298.4,622.8,15.524
1298.4,623.56,15.525
1298.4,623.56,15.527
1301.9,623.56,15.529
1301.9,624.33,15.53
1301.9,624.33,15.532
1301.9,624.33,15.534
1301.9,623.56,15.535
1301.9,623.56,15.537
1300.2,623.56,15.539
1296.7,622.8,15.54
1298.4,622.8,15.542
1298.4,623.56,15.544
1300.2,622.8,15.545
1298.4,623.56,15.547
1300.2,623.56,15.549
1303.7,624.33,15.55
1301.9,624.33,15.552
1301.9,624.33,15.553
1301.9,624.33,15.555
1293.2,623.56,15.558
1300.2,623.56,15.559
1293.2,622.8,15.561
1298.4,622.8,15.563
1298.4,622.8,15.564
1300.2,622.8,15.566
1300.2,623.56,15.568
1300.2,623.56,15.569
1303.7,624.33,15.571
1301.9,624.33,15.573
1300.2,624.33,15.574
1301.9,624.33,15.576
1301.9,623.56,15.578
1300.2,622.8,15.579
1298.4,623.56,15.581
1300.2,623.56,15.583
1298.4,622.8,15.584
1298.4,622.8,15.586
1300.2,623.56,15.588
1300.2,624.33,15.589
1301.9,623.56,15.591
1300.2,623.56,15.593
1300.2,624.33,15.594
1301.9,623.56,15.596
1301.9,623.56,15.598
1300.2,623.56,15.6
1298.4,622.8,15.602
1300.2,622.8,15.604
1298.4,623.56,15.605
1301.9,623.56,15.607
1298.4,623.56,15.609
1298.4,623.56,15.61
1301.9,623.56,15.612
1300.2,623.56,15.614
1305.4,623.56,15.615
1300.2,623.56,15.617
1300.2,623.56,15.619
1298.4,622.8,15.62
1298.4,623.56,15.622
1300.2,623.56,15.624
1307.1,623.56,15.625
1308.9,622.8,15.627
1294.9,623.56,15.629
1296.7,623.56,15.63
1307.1,623.56,15.632
1300.2,623.56,15.634
1300.2,623.56,15.635
1300.2,623.56,15.637
1300.2,623.56,15.639
1298.4,623.56,15.64
1298.4,623.56,15.643
1298.4,622.8,15.644
1300.2,622.8,15.646
1300.2,623.56,15.648
1296.7,623.56,15.649
1298.4,623.56,15.651
1298.4,623.56,15.653
1300.2,623.56,15.654
1300.2,623.56,15.656
1300.2,623.56,15.658
1298.4,623.56,15.659
1301.9,623.56,15.661
1300.2,623.56,15.663
1300.2,622.8,15.664
1296.7,623.56,15.666
1298.4,622.8,15.668
1298.4,623.56,15.669
1298.4,623.56,15.671
1298.4,623.56,15.673
1298.4,623.56,15.674
1300.2,623.56,15.676
1300.2,623.56,15.678
1298.4,623.56,15.679
1300.2,622.8,15.681
1301.9,623.56,15.683
1298.4,623.56,15.684
1298.4,623.56,15.687
1300.2,622.8,15.689
1296.7,623.56,15.69
1307.1,623.56,15.692
1298.4,622.8,15.694
1296.7,623.56,15.695
1303.7,623.56,15.697
1303.7,622.8,15.699
1298.4,623.56,15.7
1298.4,623.56,15.702
1298.4,623.56,15.704
1298.4,622.8,15.705
1298.4,622.8,15.707
1298.4,622.8,15.709
1298.4,622.8,15.71
1298.4,622.8,15.712
1294.9,623.56,15.714
1298.4,622.8,15.715
1305.4,623.56,15.717
1300.2,623.56,15.719
1298.4,623.56,15.72
1298.4,622.8,15.722
1305.4,623.56,15.724
1298.4,622.8,15.725
1298.4,622.8,15.728
1300.2,623.56,15.729
1298.4,622.8,15.731
1298.4,622.8,15.733
1300.2,623.56,15.734
1300.2,623.56,15.736
1298.4,622.8,15.738
1298.4,622.8,15.739
1298.4,623.56,15.741
1298.4,622.8,15.743
1298.4,622.8,15.744
1303.7,622.8,15.746
1298.4,623.56,15.748
1298.4,622.8,15.749
1298.4,622.8,15.751
1298.4,622.8,15.753
1300.2,622.8,15.754
1300.2,622.8,15.756
1298.4,622.8,15.758
1298.4,623.56,15.759
1298.4,622.8,15.761
1298.4,622.8,15.763
1298.4,622.8,15.764
1296.7,622.8,15.766
1296.7,623.56,15.768
1298.4,622.8,15.769
1298.4,622.8,15.772
1298.4,623.56,15.774
1301.9,623.56,15.775
1305.4,622.8,15.777
1296.7,623.56,15.779
1298.4,622.8,15.78
1300.2,623.56,15.782
1298.4,622.8,15.784
1296.7,623.56,15.785
1294.9,622.8,15.787
1298.4,622.8,15.789
1298.4,622.8,15.79
1300.2,622.8,15.792
1298.4,622.8,15.794
1298.4,622.8,15.795
1298.4,622.8,15.797
1300.2,622.8,15.799
1298.4,622.8,15.8
1291.4,622.8,15.802
1298.4,622.8,15.804
1296.7,623.56,15.805
1308.9,623.56,15.807
1298.4,622.8,15.809
1301.9,622.8,15.81
1298.4,622.8,15.812
1298.4,622.8,15.815
1298.4,622.8,15.816
1296.7,622.8,15.818
1298.4,622.8,15.819
1294.9,622.8,15.821
1298.4,622.8,15.823
1301.9,622.8,15.824
1298.4,622.8,15.826
1296.7,622.8,15.828
1300.2,622.8,15.829
1300.2,622.8,15.831
1296.7,622.8,15.833
1296.7,622.8,15.834
1296.7,622.8,15.836
1298.4,622.8,15.838
1296.7,622.8,15.839
1291.4,622.8,15.841
1298.4,622.8,15.843
1298.4,622.8,15.844
1298.4,622.8,15.846
1298.4,623.56,15.848
1298.4,622.8,15.849
1298.4,622.8,15.851
1298.4,622.8,15.853
1298.4,622.8,15.854
1298.4,622.8,15.857
1296.7,622.8,15.859
1296.7,622.8,15.86
1298.4,622.8,15.862
1298.4,622.8,15.864
1296.7,622.8,15.865
1296.7,622.8,15.867
1298.4,622.8,15.869
1298.4,622.8,15.87
1298.4,622.8,15.872
1298.4,622.8,15.874
1294.9,622.8,15.875
1298.4,622.8,15.877
1298.4,622.8,15.879
1298.4,622.8,15.88
1296.7,623.56,15.882
1298.4,623.56,15.884
1298.4,622.8,15.885
1298.4,622.8,15.887
1298.4,622.8,15.889
1298.4,622.8,15.89
1296.7,622.8,15.892
1298.4,622.03,15.894
1296.7,622.8,15.895
1298.4,622.8,15.897
1296.7,622.8,15.9
1298.4,622.8,15.901
1296.7,622.8,15.903
1296.7,622.8,15.904
1296.7,622.8,15.906
1296.7,622.8,15.908
1298.4,622.8,15.909
1293.2,622.8,15.911
1296.7,622.8,15.913
1298.4,622.8,15.914
1298.4,622.8,15.916
1298.4,623.56,15.918
1298.4,622.8,15.919
1298.4,622.8,15.921
1298.4,622.8,15.923
1296.7,622.8,15.924
1303.7,622.03,15.926
1293.2,622.8,15.928
1298.4,622.8,15.929
1303.7,622.8,15.931
1296.7,622.8,15.933
1300.2,622.8,15.934
1300.2,622.8,15.936
1298.4,622.8,15.938
1298.4,622.8,15.939
1298.4,622.8,15.942
1298.4,622.8,15.944
1296.7,622.8,15.945
1298.4,622.03,15.947
1305.4,622.8,15.949
1298.4,622.8,15.95
1303.7,622.8,15.952
1296.7,622.8,15.954
1300.2,622.8,15.955
1298.4,622.8,15.957
1298.4,622.03,15.959
1291.4,622.8,15.96
1291.4,622.8,15.962
1298.4,622.8,15.964
1294.9,622.03,15.965
1296.7,623.56,15.967
1296.7,622.8,15.969
1296.7,622.8,15.97
1298.4,622.8,15.972
1298.4,622.8,15.974
1298.4,622.8,15.975
1294.9,622.8,15.977
1294.9,622.8,15.979
1296.7,622.8,15.98
1298.4,622.8,15.982
1303.7,622.8,15.985
1296.7,622.03,15.986
1303.7,622.8,15.988
1296.7,622.03,15.989
1298.4,622.8,15.991
1300.2,622.8,15.993
1305.4,622.8,15.994
1298.4,622.8,15.996
1298.4,622.8,15.998
1296.7,622.8,15.999
1294.9,622.8,16.001
1308.9,622.8,16.003
1310.6,622.8,16.004
1308.9,622.8,16.006
1308.9,622.8,16.008
1307.1,622.8,16.009
1305.4,622.8,16.011
1298.4,622.8,16.013
1296.7,622.8,16.014
1298.4,622.8,16.016
1298.4,622.8,16.018
1296.7,622.8,16.019
1298.4,622.8,16.021
1300.2,623.56,16.023
1301.9,623.56,16.024
1298.4,623.56,16.027
1294.9,624.33,16.029
1298.4,625.09,16.03
1301.9,625.09,16.032
1303.7,625.09,16.034
1301.9,624.33,16.035
1300.2,624.33,16.037
1300.2,623.56,16.039
1296.7,622.8,16.04
1289.7,622.8,16.042
1296.7,623.56,16.044
1294.9,622.8,16.045
1298.4,624.33,16.047
1301.9,623.56,16.049
1300.2,624.33,16.05
1301.9,624.33,16.052
1301.9,624.33,16.054
1300.2,624.33,16.055
1298.4,624.33,16.057
1300.2,622.8,16.059
1296.7,623.56,16.06
1296.7,623.56,16.062
1296.7,623.56,16.064
1300.2,622.8,16.065
1296.7,623.56,16.067
1296.7,623.56,16.07
1300.2,624.33,16.071
1296.7,624.33,16.073
1301.9,624.33,16.075
1298.4,623.56,16.076
1291.4,623.56,16.078
1303.7,623.56,16.079
1301.9,623.56,16.081
1298.4,622.8,16.083
1296.7,623.56,16.084
1293.2,623.56,16.086
1291.4,623.56,16.088
1296.7,623.56,16.089
1296.7,623.56,16.091
1296.7,624.33,16.093
1301.9,623.56,16.094
1300.2,623.56,16.096
1294.9,623.56,16.098
1293.2,623.56,16.099
1296.7,623.56,16.101
1296.7,623.56,16.103
1296.7,623.56,16.104
1296.7,624.33,16.106
1296.7,623.56,16.108
1296.7,623.56,16.109
1296.7,623.56,16.112
1296.7,624.33,16.114
1296.7,624.33,16.115
1298.4,623.56,16.117
1296.7,623.56,16.119
1296.7,623.56,16.12
1296.7,623.56,16.122
1294.9,623.56,16.124
1289.7,622.8,16.125
1296.7,623.56,16.127
1296.7,623.56,16.129
1298.4,623.56,16.13
1298.4,623.56,16.132
1300.2,623.56,16.134
1300.2,623.56,16.135
1300.2,623.56,16.137
1300.2,623.56,16.139
1298.4,623.56,16.14
1301.9,623.56,16.142
1301.9,623.56,16.144
1298.4,623.56,16.145
1300.2,622.8,16.147
1298.4,623.56,16.149
1300.2,623.56,16.15
1301.9,623.56,16.152
1300.2,623.56,16.155
1298.4,623.56,16.156
1300.2,623.56,16.158
1301.9,623.56,16.16
1298.4,623.56,16.161
1300.2,623.56,16.163
1300.2,622.8,16.164
1296.7,623.56,16.166
1296.7,623.56,16.168
1298.4,623.56,16.169
1298.4,623.56,16.171
1298.4,623.56,16.173
1300.2,623.56,16.174
1298.4,623.56,16.176
1298.4,623.56,16.178
1300.2,623.56,16.179
1298.4,623.56,16.181
1298.4,623.56,16.183
1296.7,623.56,16.184
1300.2,623.56,16.186
1296.7,623.56,16.188
1296.7,623.56,16.189
1298.4,623.56,16.191
1298.4,623.56,16.193
1296.7,623.56,16.194
1298.4,623.56,16.196
1300.2,623.56,16.199
1298.4,623.56,16.2
1301.9,623.56,16.202
1298.4,623.56,16.204
1298.4,622.8,16.205
1298.4,623.56,16.207
1298.4,623.56,16.209
1298.4,623.56,16.21
1298.4,623.56,16.212
1298.4,623.56,16.214
1298.4,623.56,16.215
1298.4,623.56,16.217
1301.9,622.8,16.219
1298.4,623.56,16.22
1296.7,623.56,16.222
1301.9,623.56,16.224
1298.4,623.56,16.225
1298.4,623.56,16.227
1298.4,623.56,16.229
1303.7,622.8,16.23
1298.4,622.8,16.232
1294.9,623.56,16.234
1296.7,623.56,16.235
1298.4,623.56,16.237
1298.4,623.56,16.24
1298.4,623.56,16.241
1298.4,623.56,16.243
1300.2,623.56,16.245
1296.7,623.56,16.246
1300.2,623.56,16.248
1298.4,623.56,16.25
1298.4,622.8,16.251
1298.4,623.56,16.253
1300.2,623.56,16.254
1298.4,623.56,16.256
1298.4,623.56,16.258
1298.4,623.56,16.259
1294.9,623.56,16.261
1300.2,623.56,16.263
1298.4,623.56,16.264
1291.4,623.56,16.266
1301.9,622.8,16.268
1296.7,622.8,16.269
1300.2,622.8,16.271
1298.4,623.56,16.273
1298.4,623.56,16.274
1296.7,623.56,16.276
1296.7,623.56,16.278
1301.9,623.56,16.279
1298.4,623.56,16.281
1312.4,623.56,16.284
1298.4,623.56,16.285
1298.4,623.56,16.287
1298.4,623.56,16.289
1301.9,622.8,16.29
1298.4,623.56,16.292
1298.4,623.56,16.294
1298.4,623.56,16.295
1298.4,623.56,16.297
1298.4,623.56,16.299
1298.4,623.56,16.3
1296.7,623.56,16.302
1298.4,623.56,16.304
1298.4,622.8,16.305
1298.4,623.56,16.307
1298.4,622.8,16.309
1296.7,622.8,16.31
1301.9,622.8,16.312
1298.4,623.56,16.314
1296.7,623.56,16.315
1298.4,623.56,16.317
1298.4,623.56,16.319
1298.4,623.56,16.32
1298.4,623.56,16.322
1291.4,622.8,16.324
1296.7,622.8,16.326
1289.7,622.8,16.328
1298.4,623.56,16.33
1298.4,622.8,16.331
1303.7,622.8,16.333
1300.2,623.56,16.335
1298.4,623.56,16.336
1300.2,623.56,16.338
1298.4,623.56,16.339
1298.4,622.8,16.341
1298.4,622.8,16.343
1298.4,622.8,16.344
1296.7,623.56,16.346
1298.4,622.8,16.348
1300.2,623.56,16.349
1300.2,623.56,16.351
1300.2,622.8,16.353
1298.4,623.56,16.354
1298.4,623.56,16.356
1300.2,622.8,16.358
1296.7,623.56,16.359
1298.4,622.8,16.361
1298.4,622.8,16.363
1298.4,622.8,16.364
1298.4,622.8,16.366
1298.4,623.56,16.369
1300.2,623.56,16.37
1298.4,622.8,16.372
1298.4,623.56,16.374
1298.4,623.56,16.375
1298.4,622.8,16.377
1296.7,623.56,16.379
1298.4,622.8,16.38
1300.2,622.8,16.382
1300.2,622.8,16.384
1296.7,622.8,16.385
1293.2,623.56,16.387
1298.4,623.56,16.389
1298.4,622.8,16.39
1298.4,622.8,16.392
1298.4,623.56,16.394
1298.4,622.8,16.395
1298.4,622.8,16.397
1298.4,622.8,16.399
1298.4,622.8,16.4
1298.4,622.8,16.402
1296.7,622.8,16.404
1298.4,622.8,16.405
1298.4,623.56,16.407
1298.4,622.8,16.409
1296.7,623.56,16.411
1298.4,623.56,16.413
1298.4,622.8,16.415
1296.7,622.8,16.416
1298.4,622.8,16.418
1298.4,623.56,16.42
1296.7,622.8,16.421
1298.4,622.8,16.423
1296.7,623.56,16.424
1298.4,622.8,16.426
1298.4,623.56,16.428
1296.7,622.8,16.429
1293.2,622.8,16.431
1298.4,622.8,16.433
1307.1,623.56,16.434
1298.4,622.8,16.436
1298.4,623.56,16.438
1298.4,622.8,16.439
1298.4,623.56,16.441
1298.4,622.8,16.443
1298.4,622.8,16.444
1296.7,622.8,16.446
1296.7,622.8,16.448
1298.4,622.8,16.449
1300.2,622.8,16.451
1296.7,623.56,16.454
1298.4,622.8,16.455
1298.4,622.8,16.457
1296.7,622.8,16.459
1296.7,622.8,16.46
1298.4,623.56,16.462
1300.2,622.8,16.464
1294.9,622.8,16.465
1296.7,622.8,16.467
1298.4,622.8,16.469
1296.7,622.8,16.47
1300.2,622.8,16.472
1298.4,622.8,16.474
1298.4,622.8,16.475
1296.7,622.8,16.477
1298.4,623.56,16.479
1298.4,622.8,16.48
1298.4,623.56,16.482
1298.4,622.03,16.484
1298.4,622.8,16.485
1296.7,622.8,16.487
1298.4,622.8,16.489
1298.4,622.8,16.49
1298.4,623.56,16.492
1296.7,623.56,16.494
1298.4,622.8,16.496
1301.9,622.8,16.498
1294.9,622.8,16.5
1308.9,622.8,16.501
1307.1,622.8,16.503
1308.9,622.8,16.505
1308.9,622.8,16.506
1307.1,622.8,16.508
1308.9,622.8,16.51
1298.4,622.8,16.511
1296.7,622.8,16.513
1298.4,622.8,16.514
1298.4,622.8,16.516
1293.2,622.8,16.518
1298.4,622.8,16.519
1298.4,622.8,16.521
1298.4,622.8,16.523
1298.4,623.56,16.524
1298.4,624.33,16.526
1300.2,624.33,16.528
1305.4,625.09,16.529
1298.4,625.86,16.531
1310.6,625.09,16.533
1301.9,624.33,16.534
1298.4,624.33,16.536
1298.4,623.56,16.539
1298.4,623.56,16.54
1300.2,623.56,16.542
1296.7,622.8,16.544
1298.4,623.56,16.545
1300.2,624.33,16.547
1301.9,624.33,16.549
1303.7,625.09,16.55
1305.4,625.09,16.552
1303.7,625.09,16.554
1301.9,624.33,16.555
1301.9,624.33,16.557
1301.9,624.33,16.559
1296.7,623.56,16.56
1298.4,622.8,16.562
1300.2,623.56,16.564
1298.4,624.33,16.565
1300.2,623.56,16.567
1300.2,624.33,16.569
1296.7,624.33,16.57
1300.2,625.09,16.572
1301.9,624.33,16.574
1301.9,624.33,16.575
1305.4,624.33,16.577
1298.4,623.56,16.579
1300.2,623.56,16.58
1298.4,623.56,16.583
1298.4,623.56,16.585
1298.4,623.56,16.586
1298.4,624.33,16.588
1298.4,624.33,16.59
1305.4,624.33,16.591
1301.9,624.33,16.593
1300.2,624.33,16.595
1300.2,624.33,16.596
1294.9,624.33,16.598
1301.9,624.33,16.599
1300.2,623.56,16.601
1298.4,623.56,16.603
1300.2,623.56,16.604
1298.4,623.56,16.606
1298.4,623.56,16.608
1307.1,624.33,16.609
1300.2,624.33,16.611
1300.2,624.33,16.613
1300.2,624.33,16.614
1300.2,624.33,16.616
1300.2,624.33,16.618
1307.1,624.33,16.619
1298.4,623.56,16.621
1303.7,624.33,16.624
1300.2,623.56,16.625
1298.4,624.33,16.627
1296.7,623.56,16.629
1298.4,623.56,16.63
1300.2,623.56,16.632
1300.2,624.33,16.634
1300.2,623.56,16.635
1301.9,624.33,16.637
1300.2,624.33,16.639
1301.9,623.56,16.64
1300.2,623.56,16.642
1301.9,623.56,16.644
1296.7,623.56,16.645
1300.2,623.56,16.647
1300.2,624.33,16.649
1300.2,624.33,16.65
1300.2,623.56,16.652
1300.2,623.56,16.654
1298.4,624.33,16.655
1298.4,624.33,16.657
1303.7,624.33,16.659
1303.7,623.56,16.66
1305.4,623.56,16.662
1301.9,623.56,16.664
1300.2,623.56,16.665
1298.4,623.56,16.668
1300.2,623.56,16.67
1305.4,623.56,16.671
1300.2,623.56,16.673
1300.2,623.56,16.675
1300.2,624.33,16.676
1300.2,624.33,16.678
1298.4,623.56,16.68
1301.9,623.56,16.681
1300.2,624.33,16.683
1300.2,624.33,16.685
1298.4,623.56,16.686
1298.4,623.56,16.688
1300.2,623.56,16.689
1300.2,623.56,16.691
1294.9,625.09,16.693
1298.4,624.33,16.694
1298.4,623.56,16.696
1300.2,623.56,16.698
1300.2,623.56,16.699
1305.4,623.56,16.701
1298.4,623.56,16.703
1300.2,623.56,16.704
1303.7,623.56,16.706
1300.2,623.56,16.708
1300.2,623.56,16.71
1298.4,623.56,16.712
1300.2,623.56,16.714
1300.2,623.56,16.715
1301.9,624.33,16.717
1298.4,623.56,16.719
1307.1,624.33,16.72
1298.4,623.56,16.722
1301.9,623.56,16.724
1300.2,623.56,16.725
1298.4,623.56,16.727
1298.4,623.56,16.729
1303.7,623.56,16.73
1300.2,623.56,16.732
1303.7,623.56,16.734
1301.9,623.56,16.735
1301.9,624.33,16.737
1298.4,623.56,16.739
1300.2,623.56,16.74
1298.4,622.8,16.742
1298.4,623.56,16.744
1298.4,623.56,16.745
1300.2,623.56,16.747
1300.2,623.56,16.749
1305.4,623.56,16.75
1301.9,623.56,16.753
1298.4,623.56,16.755
1300.2,623.56,16.756
1300.2,623.56,16.758
1300.2,623.56,16.76
1303.7,623.56,16.761
1298.4,623.56,16.763
1305.4,623.56,16.765
1298.4,623.56,16.766
1301.9,623.56,16.768
1300.2,623.56,16.77
1301.9,623.56,16.771
1300.2,623.56,16.773
1307.1,623.56,16.774
1300.2,623.56,16.776
1307.1,623.56,16.778
1303.7,624.33,16.779
1298.4,623.56,16.781
1294.9,623.56,16.783
1300.2,623.56,16.784
1300.2,623.56,16.786
1300.2,623.56,16.788
1298.4,623.56,16.789
1300.2,623.56,16.791
1298.4,623.56,16.793
1305.4,623.56,16.795
1300.2,623.56,16.797
1303.7,623.56,16.799
1305.4,623.56,16.8
1298.4,623.56,16.802
1300.2,623.56,16.804
1300.2,623.56,16.805
1300.2,623.56,16.807
1300.2,623.56,16.809
1300.2,623.56,16.81
1300.2,623.56,16.812
1296.7,623.56,16.814
1300.2,623.56,16.815
1300.2,623.56,16.817
1300.2,623.56,16.819
1300.2,623.56,16.82
1300.2,623.56,16.822
1296.7,623.56,16.824
1298.4,623.56,16.825
1298.4,623.56,16.827
1301.9,623.56,16.829
1300.2,623.56,16.83
1300.2,623.56,16.832
1300.2,623.56,16.834
1301.9,623.56,16.835
1301.9,623.56,16.838
1307.1,623.56,16.84
1301.9,623.56,16.841
1300.2,623.56,16.843
1300.2,623.56,16.845
1300.2,623.56,16.846
1300.2,623.56,16.848
1303.7,623.56,16.85
1300.2,623.56,16.851
1308.9,623.56,16.853
1300.2,623.56,16.855
1300.2,623.56,16.856
1300.2,623.56,16.858
1300.2,623.56,16.859
1300.2,623.56,16.861
1296.7,623.56,16.863
1300.2,623.56,16.864
1296.7,623.56,16.866
1300.2,623.56,16.868
1303.7,623.56,16.869
1300.2,623.56,16.871
1300.2,623.56,16.873
1300.2,623.56,16.874
1298.4,623.56,16.876
1301.9,623.56,16.878
1298.4,623.56,16.88
1298.4,624.33,16.882
1293.2,623.56,16.884
1300.2,623.56,16.885
1300.2,622.8,16.887
1298.4,623.56,16.889
1300.2,623.56,16.89
1296.7,623.56,16.892
1300.2,623.56,16.894
1300.2,623.56,16.895
1298.4,623.56,16.897
1301.9,623.56,16.899
1300.2,623.56,16.9
1298.4,623.56,16.902
1300.2,623.56,16.904
1298.4,623.56,16.905
1303.7,623.56,16.907
1296.7,623.56,16.909
1301.9,623.56,16.91
1300.2,623.56,16.912
1300.2,623.56,16.914
1300.2,623.56,16.915
1298.4,623.56,16.917
1301.9,623.56,16.919
1303.7,623.56,16.92
1298.4,623.56,16.923
1298.4,623.56,16.925
1300.2,622.8,16.926
1300.2,623.56,16.928
1291.4,623.56,16.93
1300.2,623.56,16.931
1307.1,622.8,16.933
1298.4,623.56,16.935
1300.2,623.56,16.936
1298.4,623.56,16.938
1300.2,623.56,16.94
1293.2,623.56,16.941
1298.4,623.56,16.943
1298.4,623.56,16.945
1300.2,623.56,16.946
1301.9,623.56,16.948
1300.2,623.56,16.949
1300.2,623.56,16.951
1300.2,623.56,16.953
1298.4,623.56,16.954
1300.2,623.56,16.956
1300.2,623.56,16.958
1298.4,623.56,16.959
1298.4,623.56,16.961
1298.4,623.56,16.963
1300.2,623.56,16.964
1296.7,623.56,16.967
1300.2,623.56,16.969
1298.4,623.56,16.97
1300.2,623.56,16.972
1298.4,623.56,16.974
1298.4,623.56,16.975
1293.2,623.56,16.977
1300.2,623.56,16.979
1298.4,623.56,16.98
1298.4,623.56,16.982
1300.2,623.56,16.984
1300.2,623.56,16.985
1298.4,623.56,16.987
1300.2,623.56,16.989
1298.4,623.56,16.99
1300.2,623.56,16.992
1298.4,622.8,16.994
1298.4,623.56,16.995
1305.4,622.8,16.997
1298.4,623.56,16.999
1300.2,622.8,17
1308.9,623.56,17.002
1310.6,623.56,17.004
1310.6,623.56,17.005
1303.7,623.56,17.008
1312.4,623.56,17.01
1307.1,623.56,17.011
1298.4,623.56,17.013
1300.2,623.56,17.015
1296.7,622.8,17.016
1298.4,622.8,17.018
1298.4,622.8,17.02
1298.4,622.8,17.021
1300.2,623.56,17.023
1300.2,623.56,17.025
1301.9,624.33,17.026
1301.9,624.33,17.028
1303.7,625.09,17.03
1305.4,625.09,17.031
1294.9,625.09,17.033
1300.2,624.33,17.034
1305.4,624.33,17.036
1300.2,624.33,17.038
1294.9,623.56,17.039
1294.9,623.56,17.041
1300.2,623.56,17.043
1298.4,623.56,17.044
1296.7,624.33,17.046
1301.9,624.33,17.048
1301.9,624.33,17.049
1298.4,625.09,17.052
1301.9,625.09,17.054
1301.9,625.09,17.055
1303.7,624.33,17.057
1301.9,624.33,17.059
1300.2,623.56,17.06
1301.9,623.56,17.062
1298.4,623.56,17.064
1300.2,623.56,17.065
1300.2,624.33,17.067
1300.2,624.33,17.069
1301.9,624.33,17.07
1301.9,624.33,17.072
1301.9,625.09,17.074
1301.9,624.33,17.075
1308.9,624.33,17.077
1301.9,623.56,17.079
1300.2,623.56,17.08
1298.4,623.56,17.082
1300.2,623.56,17.084
1300.2,623.56,17.085
1300.2,623.56,17.087
1307.1,623.56,17.089
1301.9,624.33,17.09
1298.4,624.33,17.092
1301.9,624.33,17.095
1301.9,624.33,17.096
1301.9,624.33,17.098
1300.2,624.33,17.1
1300.2,624.33,17.101
1305.4,623.56,17.103
1300.2,623.56,17.105
1305.4,623.56,17.106
1307.1,624.33,17.108
1301.9,624.33,17.11
1300.2,624.33,17.111
1303.7,624.33,17.113
1303.7,624.33,17.115
1300.2,624.33,17.116
1300.2,624.33,17.118
1301.9,624.33,17.12
1300.2,624.33,17.121
1300.2,624.33,17.123
1301.9,623.56,17.124
1300.2,623.56,17.126
1305.4,623.56,17.128
1300.2,624.33,17.129
1300.2,624.33,17.131
1301.9,624.33,17.133
1303.7,624.33,17.134
1300.2,624.33,17.137
1300.2,624.33,17.139
1301.9,624.33,17.14
1300.2,624.33,17.142
1298.4,623.56,17.144
1300.2,623.56,17.145
1298.4,624.33,17.147
1296.7,623.56,17.149
1300.2,623.56,17.15
1298.4,624.33,17.152
1301.9,624.33,17.154
1301.9,624.33,17.155
1301.9,624.33,17.157
1300.2,624.33,17.159
1300.2,623.56,17.16
1298.4,624.33,17.162
1303.7,623.56,17.164
1301.9,623.56,17.165
1296.7,623.56,17.167
1301.9,624.33,17.169
1301.9,623.56,17.17
1301.9,624.33,17.172
1298.4,624.33,17.174
1293.2,623.56,17.175
1307.1,623.56,17.177
1300.2,624.33,17.18
1296.7,623.56,17.181
1298.4,623.56,17.183
1298.4,623.56,17.185
1301.9,624.33,17.186
1298.4,624.33,17.188
1294.9,623.56,17.19
1300.2,623.56,17.191
1300.2,623.56,17.193
1301.9,624.33,17.195
1300.2,623.56,17.196
1301.9,624.33,17.198
1298.4,624.33,17.2
1300.2,624.33,17.201
1301.9,624.33,17.203
1300.2,623.56,17.205
1301.9,623.56,17.206
1300.2,623.56,17.208
1300.2,623.56,17.209
1300.2,623.56,17.211
1303.7,623.56,17.213
1301.9,623.56,17.214
1300.2,623.56,17.216
1296.7,623.56,17.218
1301.9,623.56,17.219
1301.9,624.33,17.222
1301.9,624.33,17.224
1300.2,623.56,17.225
1301.9,623.56,17.227
1296.7,623.56,17.229
1300.2,623.56,17.23
1301.9,623.56,17.232
1300.2,623.56,17.234
1300.2,623.56,17.235
1305.4,623.56,17.237
1301.9,623.56,17.239
1300.2,623.56,17.24
1294.9,623.56,17.242
1300.2,623.56,17.244
1300.2,623.56,17.245
1301.9,623.56,17.247
1301.9,623.56,17.249
1300.2,623.56,17.25
1301.9,623.56,17.252
1301.9,624.33,17.254
1301.9,623.56,17.255
1296.7,623.56,17.257
1298.4,623.56,17.259
1298.4,624.33,17.26
1291.4,624.33,17.262
1298.4,623.56,17.265
1300.2,623.56,17.266
1305.4,623.56,17.268
1300.2,623.56,17.27
1298.4,623.56,17.271
1298.4,623.56,17.273
1298.4,623.56,17.275
1300.2,623.56,17.276
1307.1,623.56,17.278
1300.2,623.56,17.28
1300.2,623.56,17.281
1293.2,623.56,17.283
1293.2,623.56,17.285
1296.7,623.56,17.286
1296.7,623.56,17.288
1300.2,624.33,17.29
1300.2,623.56,17.291
1298.4,623.56,17.293
1298.4,623.56,17.294
1296.7,623.56,17.296
1300.2,623.56,17.298
1294.9,623.56,17.299
1300.2,624.33,17.301
1294.9,623.56,17.303
1300.2,623.56,17.304
1298.4,623.56,17.307
1300.2,623.56,17.309
1300.2,623.56,17.31
1298.4,623.56,17.312
1298.4,623.56,17.314
1301.9,624.33,17.315
1300.2,623.56,17.317
1307.1,623.56,17.319
1300.2,623.56,17.32
1298.4,623.56,17.322
1300.2,623.56,17.324
1301.9,623.56,17.325
1298.4,623.56,17.327
1300.2,624.33,17.329
1300.2,623.56,17.33
1294.9,623.56,17.332
1300.2,623.56,17.334
1300.2,623.56,17.335
1307.1,623.56,17.337
1300.2,623.56,17.339
1298.4,623.56,17.34
1298.4,623.56,17.342
1298.4,623.56,17.344
1307.1,623.56,17.345
1298.4,623.56,17.347
1305.4,623.56,17.35
1300.2,623.56,17.351
1300.2,623.56,17.353
1300.2,623.56,17.355
1298.4,623.56,17.356
1293.2,622.8,17.358
1300.2,623.56,17.36
1294.9,623.56,17.361
1298.4,623.56,17.363
1300.2,623.56,17.365
1301.9,623.56,17.366
1300.2,623.56,17.368
1303.7,623.56,17.37
1298.4,623.56,17.371
1298.4,623.56,17.373
1301.9,623.56,17.375
1298.4,623.56,17.376
1300.2,623.56,17.378
1298.4,623.56,17.38
1305.4,623.56,17.381
1298.4,623.56,17.383
1300.2,623.56,17.384
1305.4,623.56,17.386
1298.4,622.8,17.388
1300.2,623.56,17.389
1300.2,623.56,17.392
1303.7,623.56,17.394
1298.4,623.56,17.395
1300.2,623.56,17.397
1301.9,624.33,17.399
1298.4,623.56,17.4
1298.4,623.56,17.402
1298.4,623.56,17.404
1300.2,623.56,17.405
1300.2,623.56,17.407
1301.9,623.56,17.409
1300.2,623.56,17.41
1298.4,623.56,17.412
1298.4,623.56,17.414
1301.9,623.56,17.415
1298.4,623.56,17.417
1296.7,623.56,17.419
1298.4,623.56,17.42
1296.7,623.56,17.422
1301.9,623.56,17.424
1296.7,623.56,17.425
1300.2,623.56,17.427
1296.7,623.56,17.429
1298.4,623.56,17.43
1293.2,623.56,17.432
1300.2,623.56,17.435
1298.4,623.56,17.436
1303.7,623.56,17.438
1301.9,623.56,17.44
1298.4,623.56,17.441
1298.4,623.56,17.443
1301.9,623.56,17.445
1298.4,623.56,17.446
1300.2,623.56,17.448
1298.4,622.8,17.45
1300.2,623.56,17.451
1300.2,623.56,17.453
1300.2,623.56,17.455
1300.2,623.56,17.456
1301.9,623.56,17.458
1301.9,623.56,17.46
1307.1,623.56,17.461
1298.4,623.56,17.463
1301.9,623.56,17.465
1300.2,623.56,17.466
1298.4,624.33,17.468
1300.2,623.56,17.469
1300.2,623.56,17.471
1300.2,623.56,17.473
1300.2,623.56,17.474
1298.4,623.56,17.476
1298.4,623.56,17.479
1300.2,623.56,17.48
1300.2,623.56,17.482
1298.4,623.56,17.484
1300.2,623.56,17.485
1298.4,623.56,17.487
1300.2,623.56,17.489
1300.2,623.56,17.49
1301.9,623.56,17.492
1300.2,623.56,17.494
1300.2,623.56,17.495
1298.4,623.56,17.497
1300.2,622.8,17.499
1301.9,623.56,17.5
1310.6,623.56,17.502
1310.6,622.8,17.504
1310.6,623.56,17.505
1308.9,623.56,17.507
1307.1,623.56,17.509
1310.6,623.56,17.51
1308.9,623.56,17.512
1300.2,623.56,17.514
1298.4,623.56,17.515
1298.4,622.8,17.517
1300.2,622.8,17.52
1300.2,622.8,17.521
1296.7,623.56,17.523
1294.9,623.56,17.525
1300.2,624.33,17.526
1293.2,624.33,17.528
1303.7,625.09,17.53
1303.7,625.09,17.531
1298.4,625.86,17.533
1305.4,625.09,17.535
1310.6,625.09,17.536
1298.4,625.09,17.538
1300.2,624.33,17.54
1298.4,623.56,17.541
1300.2,623.56,17.543
1300.2,623.56,17.545
1300.2,623.56,17.546
1301.9,624.33,17.548
1301.9,625.09,17.55
1303.7,625.09,17.551
1301.9,625.09,17.553
1305.4,625.09,17.555
1308.9,625.09,17.556
1303.7,624.33,17.558
1301.9,623.56,17.559
1298.4,624.33,17.561
1305.4,624.33,17.564
1305.4,623.56,17.565
1300.2,624.33,17.567
1301.9,624.33,17.569
1298.4,624.33,17.57
1303.7,625.09,17.572
1301.9,625.09,17.574
1303.7,625.09,17.575
1296.7,625.09,17.577
1301.9,624.33,17.579
1300.2,625.09,17.58
1300.2,624.33,17.582
1300.2,624.33,17.584
1294.9,624.33,17.585
1301.9,623.56,17.587
1308.9,624.33,17.589
1301.9,624.33,17.59
1301.9,624.33,17.592
1305.4,624.33,17.594
1303.7,625.09,17.595
1300.2,625.09,17.597
1301.9,624.33,17.599
1301.9,624.33,17.6
1300.2,624.33,17.602
1301.9,623.56,17.604
1300.2,624.33,17.606
1300.2,624.33,17.608
1301.9,624.33,17.61
1301.9,624.33,17.611
1303.7,624.33,17.613
1303.7,624.33,17.615
1303.7,624.33,17.616
1300.2,625.09,17.618
1301.9,624.33,17.62
1301.9,624.33,17.621
1300.2,624.33,17.623
1301.9,624.33,17.625
1300.2,624.33,17.626
1300.2,623.56,17.628
1300.2,624.33,17.63
1298.4,624.33,17.631
1301.9,624.33,17.633
1301.9,625.09,17.635
1300.2,624.33,17.636
1301.9,624.33,17.638
1300.2,624.33,17.64
1298.4,624.33,17.641
1300.2,624.33,17.643
1305.4,624.33,17.644
1300.2,624.33,17.646
1300.2,624.33,17.649
1305.4,624.33,17.65
1303.7,624.33,17.652
1301.9,624.33,17.654
1300.2,624.33,17.655
1301.9,625.09,17.657
1301.9,624.33,17.659
1301.9,624.33,17.66
1301.9,624.33,17.662
1301.9,624.33,17.664
1301.9,624.33,17.665
1301.9,624.33,17.667
1301.9,624.33,17.669
1301.9,624.33,17.67
1303.7,624.33,17.672
1303.7,624.33,17.674
1301.9,624.33,17.675
1300.2,624.33,17.677
1300.2,624.33,17.679
1301.9,624.33,17.68
1301.9,624.33,17.682
1301.9,623.56,17.684
1301.9,624.33,17.685
1301.9,624.33,17.687
1293.2,624.33,17.689
1301.9,624.33,17.691
1301.9,623.56,17.693
1301.9,623.56,17.695
1300.2,624.33,17.696
1300.2,624.33,17.698
1303.7,624.33,17.7
1303.7,625.09,17.701
1301.9,623.56,17.703
1300.2,624.33,17.705
1301.9,623.56,17.706
1300.2,624.33,17.708
1300.2,624.33,17.71
1298.4,623.56,17.711
1298.4,624.33,17.713
1301.9,624.33,17.715
1296.7,624.33,17.716
1300.2,624.33,17.718
1300.2,624.33,17.72
1300.2,624.33,17.721
1301.9,624.33,17.723
1300.2,624.33,17.725
1300.2,625.09,17.726
1300.2,624.33,17.728
1296.7,624.33,17.729
1300.2,624.33,17.731
1301.9,624.33,17.734
1300.2,624.33,17.735
1300.2,623.56,17.737
1307.1,623.56,17.739
1305.4,624.33,17.74
1301.9,624.33,17.742
1296.7,623.56,17.744
1298.4,624.33,17.745
1300.2,624.33,17.747
1307.1,624.33,17.749
1300.2,624.33,17.75
1301.9,624.33,17.752
1301.9,623.56,17.754
1300.2,624.33,17.755
1300.2,624.33,17.757
1300.2,624.33,17.759
1301.9,625.09,17.76
1298.4,624.33,17.762
1300.2,624.33,17.764
1301.9,624.33,17.765
1300.2,624.33,17.767
1300.2,624.33,17.769
1300.2,623.56,17.77
1300.2,623.56,17.772
1294.9,624.33,17.774
1300.2,623.56,17.776
1310.6,624.33,17.778
1308.9,624.33,17.78
1300.2,624.33,17.781
1300.2,624.33,17.783
1301.9,624.33,17.785
1300.2,623.56,17.786
1298.4,624.33,17.788
1300.2,624.33,17.79
1300.2,624.33,17.791
1301.9,623.56,17.793
1300.2,624.33,17.795
1301.9,625.09,17.796
1300.2,624.33,17.798
1300.2,624.33,17.8
1301.9,624.33,17.801
1294.9,624.33,17.803
1298.4,623.56,17.805
1301.9,623.56,17.806
1300.2,623.56,17.808
1300.2,624.33,17.81
1307.1,623.56,17.811
1308.9,623.56,17.813
1300.2,623.56,17.815
1300.2,623.56,17.816
1298.4,623.56,17.819
1296.7,623.56,17.82
1298.4,624.33,17.822
1300.2,624.33,17.824
1300.2,624.33,17.825
1300.2,624.33,17.827
1300.2,623.56,17.829
1300.2,624.33,17.83
1301.9,623.56,17.832
1303.7,623.56,17.834
1300.2,624.33,17.835
1300.2,624.33,17.837
1300.2,624.33,17.839
1300.2,623.56,17.84
1303.7,623.56,17.842
1300.2,624.33,17.844
1301.9,623.56,17.845
1300.2,623.56,17.847
1301.9,624.33,17.849
1301.9,623.56,17.85
1301.9,624.33,17.852
1296.7,624.33,17.854
1300.2,623.56,17.855
1298.4,624.33,17.857
1300.2,624.33,17.859
1300.2,623.56,17.86
1301.9,623.56,17.863
1298.4,624.33,17.865
1301.9,623.56,17.866
1294.9,623.56,17.868
1301.9,624.33,17.87
1296.7,624.33,17.871
1300.2,623.56,17.873
1298.4,623.56,17.875
1300.2,623.56,17.876
1300.2,623.56,17.878
1305.4,623.56,17.88
1301.9,623.56,17.881
1303.7,623.56,17.883
1298.4,624.33,17.885
1303.7,624.33,17.886
1300.2,623.56,17.888
1301.9,624.33,17.89
1301.9,624.33,17.891
1298.4,623.56,17.893
1300.2,623.56,17.895
1300.2,623.56,17.896
1303.7,623.56,17.898
1300.2,623.56,17.9
1298.4,623.56,17.901
1308.9,623.56,17.904
1300.2,623.56,17.905
1298.4,624.33,17.907
1300.2,623.56,17.909
1298.4,623.56,17.91
1300.2,623.56,17.912
1298.4,623.56,17.914
1300.2,624.33,17.915
1300.2,623.56,17.917
1300.2,623.56,17.919
1303.7,623.56,17.92
1298.4,623.56,17.922
1300.2,624.33,17.924
1301.9,623.56,17.925
1300.2,623.56,17.927
1300.2,623.56,17.929
1298.4,623.56,17.93
1303.7,623.56,17.932
1307.1,624.33,17.934
1300.2,623.56,17.935
1300.2,623.56,17.937
1298.4,624.33,17.939
1300.2,623.56,17.94
1300.2,624.33,17.942
1298.4,623.56,17.944
1298.4,624.33,17.945
1298.4,623.56,17.948
1294.9,623.56,17.95
1300.2,623.56,17.951
1301.9,623.56,17.953
1301.9,623.56,17.955
1303.7,623.56,17.956
1300.2,623.56,17.958
1300.2,623.56,17.96
1298.4,624.33,17.961
1298.4,623.56,17.963
1300.2,623.56,17.965
1300.2,624.33,17.966
1296.7,623.56,17.968
1300.2,623.56,17.97
1305.4,623.56,17.971
1300.2,623.56,17.973
1300.2,623.56,17.975
1300.2,623.56,17.976
1298.4,624.33,17.978
1298.4,623.56,17.98
1300.2,624.33,17.981
1298.4,623.56,17.983
1300.2,624.33,17.985
1300.2,623.56,17.986
1300.2,623.56,17.988
1300.2,623.56,17.991
1300.2,623.56,17.992
1300.2,624.33,17.994
1298.4,623.56,17.995
1298.4,623.56,17.997
1294.9,623.56,17.999
1301.9,623.56,18
1308.9,623.56,18.002
1312.4,623.56,18.004
1310.6,623.56,18.005
1315.9,623.56,18.007
1308.9,623.56,18.009
1314.1,623.56,18.01
1308.9,623.56,18.012
1294.9,623.56,18.014
1301.9,623.56,18.015
1298.4,623.56,18.017
1298.4,623.56,18.019
1298.4,622.8,18.02
1300.2,622.8,18.022
1300.2,623.56,18.024
1301.9,624.33,18.025
1301.9,624.33,18.027
1303.7,625.09,18.029
1301.9,625.09,18.03
1303.7,625.86,18.033
1305.4,625.86,18.035
1307.1,625.09,18.036
1301.9,625.09,18.038
1301.9,623.56,18.04
1300.2,623.56,18.041
1300.2,623.56,18.043
1298.4,623.56,18.045
1301.9,624.33,18.046
1300.2,624.33,18.048
1303.7,625.09,18.05
1301.9,625.09,18.051
1303.7,625.09,18.053
1303.7,625.86,18.055
1298.4,625.09,18.056
1301.9,624.33,18.058
1301.9,624.33,18.06
1305.4,623.56,18.061
1298.4,624.33,18.063
1305.4,624.33,18.065
1301.9,624.33,18.066
1300.2,624.33,18.068
1301.9,625.09,18.07
1303.7,625.09,18.071
1303.7,625.09,18.073
1303.7,625.09,18.076
1301.9,625.09,18.077
1300.2,624.33,18.079
1301.9,624.33,18.08
1300.2,624.33,18.082
1300.2,624.33,18.084
1300.2,624.33,18.085
1300.2,624.33,18.087
1305.4,624.33,18.089
1301.9,625.09,18.09
1303.7,625.09,18.092
1296.7,625.09,18.094
1300.2,625.09,18.095
1303.7,625.09,18.097
1301.9,624.33,18.099
1303.7,624.33,18.1
1301.9,624.33,18.102
1298.4,624.33,18.104
1301.9,624.33,18.105
1300.2,624.33,18.107
1301.9,624.33,18.109
1300.2,624.33,18.11
1303.7,624.33,18.112
1308.9,624.33,18.114
1303.7,625.09,18.115
1310.6,625.09,18.118
1301.9,625.09,18.12
1303.7,624.33,18.121
1296.7,625.09,18.123
1301.9,625.09,18.125
1294.9,624.33,18.126
1293.2,624.33,18.128
1294.9,624.33,18.13
1301.9,624.33,18.131
1303.7,624.33,18.133
1303.7,624.33,18.135
1301.9,624.33,18.136
1308.9,624.33,18.138
1303.7,625.09,18.14
1301.9,624.33,18.141
1298.4,624.33,18.143
1300.2,624.33,18.145
1300.2,624.33,18.146
1300.2,624.33,18.148
1305.4,624.33,18.15
1300.2,624.33,18.151
1308.9,624.33,18.153
1301.9,624.33,18.155
1301.9,624.33,18.156
1303.7,625.09,18.158
1300.2,624.33,18.161
1305.4,624.33,18.162
1298.4,624.33,18.164
1300.2,624.33,18.165
1300.2,624.33,18.167
1300.2,624.33,18.169
1307.1,624.33,18.17
1301.9,624.33,18.172
1298.4,625.09,18.174
1301.9,624.33,18.175
1298.4,624.33,18.177
1308.9,624.33,18.179
1301.9,624.33,18.18
1300.2,624.33,18.182
1294.9,624.33,18.184
1301.9,624.33,18.185
1301.9,624.33,18.187
1300.2,624.33,18.189
1301.9,624.33,18.19
1300.2,624.33,18.192
1300.2,624.33,18.194
1301.9,624.33,18.195
1300.2,624.33,18.197
1301.9,624.33,18.199
1300.2,624.33,18.2
1300.2,624.33,18.203
1300.2,624.33,18.205
1296.7,624.33,18.206
1301.9,624.33,18.208
1300.2,624.33,18.21
1301.9,624.33,18.211
1300.2,624.33,18.213
1301.9,624.33,18.215
1300.2,624.33,18.216
1301.9,624.33,18.218
1301.9,624.33,18.22
1298.4,624.33,18.221
1301.9,624.33,18.223
1301.9,624.33,18.225
1301.9,624.33,18.226
1301.9,624.33,18.228
1300.2,624.33,18.23
1303.7,624.33,18.231
1301.9,624.33,18.233
1298.4,624.33,18.235
1300.2,624.33,18.236
1301.9,624.33,18.238
1300.2,624.33,18.24
1300.2,624.33,18.241
1300.2,625.09,18.243
1300.2,624.33,18.246
1307.1,624.33,18.247
1301.9,624.33,18.249
1301.9,624.33,18.251
1301.9,624.33,18.252
1301.9,624.33,18.254
1307.1,624.33,18.255
1301.9,624.33,18.257
1300.2,624.33,18.259
1301.9,624.33,18.26
1301.9,624.33,18.262
1300.2,624.33,18.264
1300.2,624.33,18.265
1296.7,624.33,18.267
1300.2,624.33,18.269
1300.2,624.33,18.27
1300.2,623.56,18.272
1300.2,624.33,18.274
1296.7,624.33,18.275
1303.7,624.33,18.277
1307.1,624.33,18.279
1303.7,624.33,18.28
1301.9,624.33,18.282
1301.9,624.33,18.284
1301.9,624.33,18.285
1301.9,624.33,18.288
1300.2,624.33,18.29
1300.2,624.33,18.291
1301.9,623.56,18.293
1305.4,624.33,18.295
1301.9,624.33,18.296
1301.9,624.33,18.298
1301.9,624.33,18.3
1301.9,624.33,18.301
1294.9,624.33,18.303
1301.9,624.33,18.305
1298.4,624.33,18.306
1300.2,624.33,18.308
1301.9,624.33,18.31
1300.2,624.33,18.311
1300.2,625.09,18.313
1301.9,624.33,18.315
1301.9,624.33,18.316
1300.2,624.33,18.318
1305.4,624.33,18.32
1298.4,624.33,18.321
1301.9,624.33,18.323
1300.2,624.33,18.325
1301.9,623.56,18.326
1300.2,624.33,18.328
1301.9,624.33,18.331
1300.2,624.33,18.332
1300.2,624.33,18.334
1300.2,623.56,18.336
1301.9,624.33,18.337
1298.4,624.33,18.339
1300.2,624.33,18.34
1301.9,624.33,18.342
1298.4,623.56,18.344
1303.7,623.56,18.345
1300.2,624.33,18.347
1300.2,624.33,18.349
1303.7,624.33,18.35
1301.9,624.33,18.352
1301.9,624.33,18.354
1301.9,624.33,18.355
1300.2,624.33,18.357
1300.2,624.33,18.359
1308.9,624.33,18.36
1300.2,625.09,18.362
1298.4,624.33,18.364
1300.2,624.33,18.365
1300.2,624.33,18.367
1300.2,624.33,18.369
1301.9,623.56,18.37
1303.7,623.56,18.372
1293.2,624.33,18.375
1298.4,624.33,18.376
1300.2,624.33,18.378
1303.7,624.33,18.38
1301.9,624.33,18.381
1301.9,624.33,18.383
1300.2,624.33,18.385
1307.1,624.33,18.386
1300.2,623.56,18.388
1300.2,624.33,18.39
1300.2,623.56,18.391
1300.2,624.33,18.393
1300.2,624.33,18.395
1301.9,624.33,18.396
1298.4,624.33,18.398
1301.9,623.56,18.4
1308.9,624.33,18.401
1300.2,624.33,18.403
1298.4,624.33,18.405
1300.2,624.33,18.406
1301.9,624.33,18.408
1301.9,624.33,18.41
1298.4,624.33,18.411
1298.4,624.33,18.413
1298.4,624.33,18.416
1300.2,624.33,18.417
1300.2,624.33,18.419
1305.4,624.33,18.421
1300.2,623.56,18.422
1298.4,623.56,18.424
1300.2,624.33,18.426
1307.1,623.56,18.427
1301.9,624.33,18.429
1300.2,623.56,18.43
1298.4,624.33,18.432
1301.9,623.56,18.434
1294.9,624.33,18.435
1298.4,624.33,18.437
1298.4,624.33,18.439
1294.9,624.33,18.44
1301.9,623.56,18.442
1298.4,624.33,18.444
1300.2,624.33,18.445
1300.2,624.33,18.447
1301.9,623.56,18.449
1300.2,623.56,18.45
1298.4,624.33,18.452
1300.2,624.33,18.454
1300.2,623.56,18.455
1300.2,624.33,18.457
1300.2,623.56,18.46
1300.2,623.56,18.461
1293.2,623.56,18.463
1300.2,624.33,18.465
1301.9,623.56,18.466
1301.9,624.33,18.468
1294.9,623.56,18.47
1300.2,624.33,18.471
1300.2,624.33,18.473
1305.4,624.33,18.475
1301.9,623.56,18.476
1301.9,623.56,18.478
1296.7,624.33,18.48
1301.9,623.56,18.481
1300.2,624.33,18.483
1298.4,624.33,18.485
1300.2,624.33,18.486
1300.2,624.33,18.488
1303.7,623.56,18.49
1300.2,624.33,18.491
1303.7,623.56,18.493
1296.7,624.33,18.495
1300.2,623.56,18.496
1300.2,624.33,18.498
1305.4,624.33,18.5
1312.4,625.09,18.502
1312.4,624.33,18.504
1305.4,624.33,18.506
1312.4,623.56,18.507
1310.6,623.56,18.509
1310.6,623.56,18.511
1300.2,624.33,18.512
1296.7,624.33,18.514
1298.4,623.56,18.515
1300.2,623.56,18.517
1301.9,623.56,18.519
1296.7,623.56,18.52
1298.4,624.33,18.522
1300.2,623.56,18.524
1300.2,624.33,18.525
1301.9,625.09,18.527
1307.1,625.09,18.529
1301.9,625.09,18.53
1303.7,625.86,18.532
1303.7,625.09,18.534
1303.7,625.09,18.535
1303.7,624.33,18.537
1303.7,623.56,18.539
1298.4,623.56,18.54
1300.2,624.33,18.542
1298.4,623.56,18.545
1301.9,624.33,18.546
1301.9,625.09,18.548
1301.9,625.09,18.55
1296.7,625.09,18.551
1294.9,625.09,18.553
1303.7,625.09,18.555
1298.4,625.09,18.556
1303.7,624.33,18.558
1307.1,624.33,18.56
1300.2,623.56,18.561
1300.2,624.33,18.563
1303.7,624.33,18.565
1294.9,624.33,18.566
1301.9,624.33,18.568
1303.7,625.09,18.57
1303.7,625.86,18.571
1301.9,625.09,18.573
1301.9,624.33,18.575
1305.4,625.09,18.576
1300.2,624.33,18.578
1298.4,624.33,18.58
1305.4,624.33,18.581
1300.2,624.33,18.583
1301.9,623.56,18.585
1301.9,624.33,18.587
1305.4,625.09,18.589
1300.2,625.09,18.591
1300.2,625.09,18.592
1301.9,625.09,18.594
1301.9,624.33,18.596
1307.1,625.09,18.597
1294.9,624.33,18.599
1301.9,624.33,18.6
1300.2,624.33,18.602
1300.2,624.33,18.604
1305.4,624.33,18.605
1300.2,624.33,18.607
1307.1,624.33,18.609
1301.9,625.09,18.61
1301.9,624.33,18.612
1298.4,625.09,18.614
1301.9,624.33,18.615
1305.4,625.09,18.617
1301.9,624.33,18.619
1296.7,625.09,18.62
1300.2,624.33,18.622
1298.4,624.33,18.624
1301.9,624.33,18.625
1300.2,624.33,18.627
1310.6,624.33,18.63
1301.9,624.33,18.631
1300.2,624.33,18.633
1301.9,625.09,18.635
1300.2,624.33,18.636
1300.2,624.33,18.638
1300.2,624.33,18.64
1300.2,624.33,18.641
1305.4,624.33,18.643
1300.2,624.33,18.645
1300.2,624.33,18.646
1300.2,624.33,18.648
1300.2,623.56,18.65
1303.7,624.33,18.651
1301.9,624.33,18.653
1301.9,624.33,18.655
1300.2,625.09,18.656
1303.7,625.09,18.658
1300.2,624.33,18.66
1301.9,624.33,18.661
1300.2,624.33,18.663
1293.2,625.09,18.665
1301.9,624.33,18.666
1300.2,624.33,18.668
1300.2,624.33,18.67
1300.2,624.33,18.672
1301.9,624.33,18.674
1301.9,624.33,18.676
1301.9,624.33,18.677
1310.6,625.09,18.679
1294.9,623.56,18.681
1301.9,624.33,18.682
1301.9,624.33,18.684
1294.9,624.33,18.686
1301.9,624.33,18.687
1296.7,624.33,18.689
1298.4,624.33,18.69
1301.9,624.33,18.692
1300.2,624.33,18.694
1300.2,625.09,18.695
1300.2,624.33,18.697
1301.9,624.33,18.699
1301.9,624.33,18.7
1308.9,624.33,18.702
1296.7,624.33,18.704
1301.9,624.33,18.705
1301.9,624.33,18.707
1300.2,624.33,18.709
1300.2,624.33,18.71
1308.9,624.33,18.712
1300.2,624.33,18.715
1296.7,625.09,18.716
1300.2,625.09,18.718
1300.2,624.33,18.72
1300.2,624.33,18.721
1301.9,624.33,18.723
1298.4,624.33,18.725
1300.2,624.33,18.726
1296.7,624.33,18.728
1300.2,624.33,18.73
1300.2,624.33,18.731
1300.2,624.33,18.733
1298.4,624.33,18.735
1301.9,624.33,18.736
1300.2,624.33,18.738
1300.2,624.33,18.74
1300.2,624.33,18.741
1300.2,624.33,18.743
1293.2,624.33,18.745
1300.2,624.33,18.746
1305.4,624.33,18.748
1300.2,624.33,18.75
1300.2,624.33,18.751
1300.2,624.33,18.753
1301.9,624.33,18.755
1301.9,624.33,18.756
1300.2,624.33,18.759
1307.1,625.09,18.761
1300.2,624.33,18.762
1296.7,624.33,18.764
1305.4,624.33,18.766
1300.2,624.33,18.767
1300.2,624.33,18.769
1300.2,624.33,18.771
1300.2,624.33,18.772
1301.9,624.33,18.774
1300.2,624.33,18.775
1301.9,624.33,18.777
1300.2,624.33,18.779
1300.2,624.33,18.78
1300.2,624.33,18.782
1298.4,624.33,18.784
1300.2,624.33,18.785
1300.2,624.33,18.787
1300.2,624.33,18.789
1300.2,624.33,18.79
1300.2,624.33,18.792
1301.9,623.56,18.794
1300.2,624.33,18.795
1296.7,624.33,18.797
1305.4,624.33,18.8
1300.2,624.33,18.801
1300.2,623.56,18.803
1298.4,625.09,18.805
1300.2,624.33,18.806
1301.9,624.33,18.808
1300.2,624.33,18.81
1298.4,624.33,18.811
1294.9,624.33,18.813
1300.2,624.33,18.815
1294.9,624.33,18.816
1303.7,624.33,18.818
1298.4,624.33,18.82
1300.2,624.33,18.821
1300.2,623.56,18.823
1300.2,624.33,18.825
1301.9,624.33,18.826
1305.4,624.33,18.828
1300.2,625.09,18.83
1298.4,624.33,18.831
1301.9,624.33,18.833
1296.7,624.33,18.835
1300.2,624.33,18.836
1300.2,624.33,18.838
1298.4,624.33,18.84
1298.4,624.33,18.841
1301.9,624.33,18.844
1301.9,624.33,18.846
1301.9,624.33,18.847
1300.2,624.33,18.849
1301.9,624.33,18.851
1300.2,624.33,18.852
1300.2,624.33,18.854
1300.2,624.33,18.856
1300.2,623.56,18.857
1300.2,623.56,18.859
1300.2,623.56,18.861
1300.2,625.09,18.862
1293.2,624.33,18.864
1301.9,624.33,18.865
1303.7,624.33,18.867
1300.2,624.33,18.869
1300.2,624.33,18.87
1300.2,624.33,18.872
1300.2,624.33,18.874
1301.9,623.56,18.875
1298.4,624.33,18.877
1296.7,623.56,18.879
1305.4,624.33,18.88
1300.2,624.33,18.882
1300.2,624.33,18.884
1300.2,624.33,18.886
1300.2,624.33,18.888
1298.4,624.33,18.89
1300.2,624.33,18.891
1298.4,624.33,18.893
1298.4,623.56,18.895
1300.2,624.33,18.896
1300.2,624.33,18.898
1298.4,625.09,18.9
1301.9,624.33,18.901
1298.4,624.33,18.903
1300.2,624.33,18.905
1300.2,624.33,18.906
1301.9,624.33,18.908
1300.2,623.56,18.91
1294.9,623.56,18.911
1298.4,623.56,18.913
1298.4,624.33,18.915
1303.7,624.33,18.916
1301.9,623.56,18.918
1298.4,624.33,18.92
1300.2,624.33,18.921
1300.2,624.33,18.923
1296.7,623.56,18.925
1301.9,623.56,18.926
1298.4,624.33,18.929
1300.2,624.33,18.931
1300.2,624.33,18.932
1301.9,624.33,18.934
1300.2,624.33,18.936
1305.4,624.33,18.937
1298.4,624.33,18.939
1300.2,624.33,18.941
1301.9,624.33,18.942
1298.4,624.33,18.944
1300.2,624.33,18.946
1300.2,624.33,18.947
1303.7,623.56,18.949
1300.2,624.33,18.95
1307.1,624.33,18.952
1300.2,624.33,18.954
1298.4,623.56,18.955
1300.2,623.56,18.957
1294.9,623.56,18.959
1300.2,623.56,18.96
1294.9,624.33,18.962
1300.2,623.56,18.964
1305.4,624.33,18.965
1294.9,624.33,18.967
1300.2,623.56,18.969
1308.9,624.33,18.971
1301.9,624.33,18.973
1301.9,624.33,18.975
1298.4,624.33,18.976
1294.9,624.33,18.978
1300.2,624.33,18.98
1300.2,623.56,18.981
1298.4,624.33,18.983
1300.2,623.56,18.985
1300.2,624.33,18.986
1305.4,623.56,18.988
1301.9,623.56,18.99
1301.9,624.33,18.991
1300.2,624.33,18.993
1300.2,624.33,18.995
1301.9,624.33,18.996
1300.2,623.56,18.998
1300.2,624.33,19
1310.6,624.33,19.001
1310.6,624.33,19.003
1308.9,623.56,19.005
1305.4,624.33,19.006
1310.6,624.33,19.008
1314.1,624.33,19.01
1305.4,623.56,19.011
1301.9,623.56,19.014
1298.4,623.56,19.016
1300.2,623.56,19.017
1298.4,623.56,19.019
1296.7,623.56,19.021
1298.4,623.56,19.022
1298.4,623.56,19.024
1298.4,624.33,19.026
1308.9,624.33,19.027
1301.9,625.86,19.029
1303.7,625.86,19.031
1298.4,625.86,19.032
1303.7,625.86,19.034
1305.4,625.09,19.035
1301.9,624.33,19.037
1298.4,625.09,19.039
1298.4,624.33,19.04
1298.4,624.33,19.042
1303.7,623.56,19.044
1298.4,624.33,19.045
1301.9,624.33,19.047
1300.2,624.33,19.049
1301.9,625.86,19.05
1305.4,625.09,19.052
1301.9,625.09,19.054
1303.7,625.09,19.056
1301.9,625.09,19.058
1300.2,625.09,19.06
1301.9,624.33,19.061
1298.4,624.33,19.063
1298.4,624.33,19.065
1301.9,624.33,19.066
1300.2,624.33,19.068
1305.4,624.33,19.07
1300.2,625.09,19.071
1301.9,625.09,19.073
1301.9,625.09,19.075
1303.7,625.09,19.076
1301.9,625.09,19.078
1300.2,625.09,19.08
1300.2,624.33,19.081
1298.4,624.33,19.083
1300.2,624.33,19.085
1307.1,624.33,19.086
1301.9,625.09,19.088
1300.2,625.09,19.09
1301.9,625.09,19.091
1298.4,625.09,19.093
1303.7,625.09,19.095
1300.2,625.09,19.096
1301.9,625.09,19.099
1301.9,624.33,19.101
1303.7,624.33,19.102
1300.2,624.33,19.104
1300.2,624.33,19.106
1300.2,624.33,19.107
1300.2,624.33,19.109
1300.2,624.33,19.111
1301.9,624.33,19.112
1300.2,625.09,19.114
1301.9,625.09,19.116
1303.7,625.09,19.117
1298.4,625.09,19.119
1301.9,624.33,19.121
1301.9,624.33,19.122
1300.2,624.33,19.124
1303.7,624.33,19.125
1305.4,624.33,19.127
1300.2,624.33,19.129
1300.2,624.33,19.13
1300.2,625.09,19.132
1305.4,625.09,19.134
1301.9,625.09,19.135
1301.9,624.33,19.137
1298.4,625.09,19.139
1300.2,625.09,19.14
1301.9,624.33,19.143
1296.7,624.33,19.145
1301.9,624.33,19.146
1301.9,624.33,19.148
1300.2,624.33,19.15
1301.9,625.09,19.151
1301.9,624.33,19.153
1301.9,625.09,19.155
1296.7,625.09,19.156
1301.9,625.09,19.158
1300.2,625.09,19.16
1298.4,624.33,19.161
1298.4,624.33,19.163
1298.4,624.33,19.165
1300.2,624.33,19.166
1301.9,624.33,19.168
1300.2,624.33,19.17
1300.2,624.33,19.171
1298.4,624.33,19.173
1303.7,624.33,19.175
1301.9,624.33,19.176
1303.7,625.09,19.178
1300.2,624.33,19.18
1296.7,625.09,19.181
1300.2,624.33,19.184
1300.2,624.33,19.186
1301.9,624.33,19.187
1307.1,624.33,19.189
1301.9,624.33,19.191
1296.7,624.33,19.192
1300.2,624.33,19.194
1305.4,624.33,19.196
1300.2,625.09,19.197
1300.2,625.09,19.199
1307.1,624.33,19.201
1300.2,624.33,19.202
1300.2,625.09,19.204
1300.2,624.33,19.206
1305.4,625.09,19.207
1298.4,624.33,19.209
1301.9,624.33,19.21
1300.2,624.33,19.212
1303.7,624.33,19.214
1301.9,624.33,19.215
1301.9,624.33,19.217
1300.2,625.09,19.219
1301.9,625.09,19.22
1300.2,624.33,19.222
1301.9,624.33,19.224
1300.2,624.33,19.225
1298.4,624.33,19.228
1298.4,624.33,19.23
1300.2,624.33,19.231
1294.9,624.33,19.233
1301.9,624.33,19.235
1300.2,624.33,19.236
1301.9,624.33,19.238
1294.9,625.09,19.24
1301.9,624.33,19.241
1301.9,625.09,19.243
1300.2,625.09,19.245
1300.2,624.33,19.246
1300.2,625.09,19.248
1296.7,624.33,19.25
1301.9,624.33,19.251
1300.2,624.33,19.253
1301.9,624.33,19.255
1300.2,624.33,19.256
1296.7,624.33,19.258
1301.9,625.09,19.26
1301.9,624.33,19.261
1300.2,625.09,19.263
1298.4,624.33,19.265
1300.2,624.33,19.266
1300.2,624.33,19.268
1300.2,624.33,19.271
1301.9,624.33,19.272
1301.9,624.33,19.274
1301.9,625.09,19.276
1294.9,625.09,19.277
1298.4,624.33,19.279
1298.4,624.33,19.281
1300.2,624.33,19.282
1305.4,624.33,19.284
1300.2,624.33,19.286
1307.1,624.33,19.287
1298.4,624.33,19.289
1305.4,624.33,19.291
1298.4,624.33,19.292
1307.1,624.33,19.294
1300.2,624.33,19.296
1300.2,624.33,19.297
1301.9,624.33,19.299
1300.2,624.33,19.3
1301.9,624.33,19.302
1300.2,624.33,19.304
1300.2,624.33,19.305
1301.9,625.09,19.307
1300.2,624.33,19.309
1308.9,624.33,19.31
1300.2,624.33,19.313
1301.9,624.33,19.315
1300.2,624.33,19.316
1301.9,624.33,19.318
1300.2,624.33,19.32
1300.2,624.33,19.321
1301.9,624.33,19.323
1301.9,624.33,19.325
1300.2,624.33,19.326
1301.9,624.33,19.328
1301.9,624.33,19.33
1300.2,624.33,19.331
1300.2,624.33,19.333
1303.7,624.33,19.335
1300.2,624.33,19.336
1298.4,624.33,19.338
1298.4,624.33,19.34
1300.2,624.33,19.341
1307.1,624.33,19.343
1298.4,624.33,19.345
1303.7,624.33,19.346
1300.2,624.33,19.348
1301.9,624.33,19.35
1300.2,624.33,19.351
1301.9,624.33,19.353
1301.9,624.33,19.356
1296.7,624.33,19.357
1301.9,624.33,19.359
1301.9,624.33,19.361
1298.4,625.09,19.362
1300.2,624.33,19.364
1300.2,625.09,19.366
1301.9,624.33,19.367
1298.4,624.33,19.369
1298.4,624.33,19.371
1301.9,624.33,19.372
1300.2,624.33,19.374
1300.2,624.33,19.376
1300.2,624.33,19.377
1298.4,624.33,19.379
1298.4,624.33,19.381
1296.7,624.33,19.382
1303.7,623.56,19.384
1296.7,625.09,19.385
1301.9,624.33,19.387
1300.2,624.33,19.389
1298.4,624.33,19.39
1301.9,624.33,19.392
1296.7,624.33,19.394
1303.7,624.33,19.395
1307.1,624.33,19.398
1301.9,624.33,19.4
1301.9,624.33,19.401
1301.9,624.33,19.403
1303.7,624.33,19.405
1301.9,624.33,19.406
1294.9,624.33,19.408
1300.2,624.33,19.41
1298.4,624.33,19.411
1298.4,624.33,19.413
1300.2,624.33,19.415
1298.4,625.09,19.416
1300.2,624.33,19.418
1300.2,624.33,19.42
1301.9,624.33,19.421
1300.2,624.33,19.423
1294.9,624.33,19.425
1298.4,624.33,19.426
1294.9,624.33,19.428
1293.2,624.33,19.43
1293.2,624.33,19.431
1301.9,624.33,19.433
1300.2,624.33,19.435
1298.4,624.33,19.436
1300.2,624.33,19.438
1300.2,624.33,19.441
1298.4,624.33,19.442
1303.7,624.33,19.444
1307.1,624.33,19.446
1298.4,624.33,19.447
1298.4,624.33,19.449
1301.9,624.33,19.451
1298.4,624.33,19.452
1303.7,624.33,19.454
1298.4,624.33,19.456
1298.4,623.56,19.457
1296.7,624.33,19.459
1298.4,624.33,19.461
1291.4,624.33,19.462
1300.2,624.33,19.464
1294.9,623.56,19.466
1294.9,624.33,19.467
1296.7,624.33,19.469
1303.7,624.33,19.47
1296.7,624.33,19.472
1298.4,624.33,19.474
1298.4,624.33,19.475
1298.4,624.33,19.477
1298.4,624.33,19.479
1298.4,624.33,19.48
1305.4,624.33,19.483
1300.2,624.33,19.485
1298.4,624.33,19.486
1300.2,624.33,19.488
1300.2,624.33,19.49
1293.2,624.33,19.491
1300.2,624.33,19.493
1300.2,624.33,19.495
1303.7,624.33,19.496
1298.4,624.33,19.498
1296.7,624.33,19.5
1312.4,624.33,19.501
1305.4,624.33,19.503
1308.9,624.33,19.505
1310.6,623.56,19.506
1310.6,623.56,19.508
1310.6,624.33,19.51
1308.9,624.33,19.511
1298.4,624.33,19.513
1298.4,624.33,19.515
1298.4,623.56,19.516
1296.7,623.56,19.518
1298.4,623.56,19.52
1296.7,623.56,19.521
1301.9,624.33,19.523
1300.2,624.33,19.526
1301.9,625.09,19.527
1300.2,625.09,19.529
1301.9,625.86,19.531
1303.7,626.62,19.532
1307.1,625.86,19.534
1301.9,625.86,19.536
1300.2,624.33,19.537
1300.2,624.33,19.539
1300.2,624.33,19.541
1298.4,624.33,19.542
1298.4,623.56,19.544
1298.4,624.33,19.546
1300.2,625.09,19.547
1301.9,625.09,19.549
1301.9,625.86,19.551
1303.7,625.09,19.552
1301.9,625.86,19.554
1301.9,625.09,19.556
1300.2,625.09,19.557
1298.4,625.09,19.559
1301.9,624.33,19.56
1298.4,624.33,19.562
1298.4,624.33,19.564
1298.4,624.33,19.565
1300.2,624.33,19.568
1300.2,625.09,19.57
1300.2,625.09,19.571
1303.7,625.09,19.573
1303.7,625.09,19.575
1303.7,625.09,19.576
1301.9,625.09,19.578
1298.4,625.09,19.58
1300.2,624.33,19.581
1298.4,624.33,19.583
1298.4,624.33,19.585
1298.4,625.09,19.586
1301.9,625.09,19.588
1298.4,625.09,19.59
1300.2,625.09,19.591
1298.4,625.09,19.593
1300.2,625.86,19.595
1300.2,625.09,19.596
1300.2,625.09,19.598
1300.2,624.33,19.6
1301.9,624.33,19.601
1300.2,625.09,19.603
1305.4,624.33,19.605
1300.2,624.33,19.606
1296.7,625.09,19.608
1301.9,625.09,19.611
1300.2,625.09,19.612
1300.2,625.09,19.614
1307.1,625.09,19.616
1298.4,625.09,19.617
1303.7,625.09,19.619
1303.7,625.09,19.621
1301.9,624.33,19.622
1300.2,624.33,19.624
1300.2,624.33,19.626
1298.4,624.33,19.627
1300.2,624.33,19.629
1300.2,624.33,19.631
1300.2,624.33,19.632
1296.7,625.09,19.634
1300.2,625.09,19.636
1301.9,625.09,19.637
1301.9,625.09,19.639
1303.7,625.09,19.641
1301.9,624.33,19.642
1300.2,624.33,19.644
1300.2,624.33,19.645
1300.2,624.33,19.647
1300.2,624.33,19.649
1300.2,624.33,19.65
1301.9,624.33,19.652
1301.9,624.33,19.655
1301.9,625.09,19.656
1300.2,625.09,19.658
1301.9,624.33,19.66
1300.2,625.09,19.661
1301.9,624.33,19.663
1296.7,624.33,19.665
1300.2,624.33,19.666
1298.4,624.33,19.668
1300.2,624.33,19.67
1301.9,624.33,19.671
1298.4,624.33,19.673
1300.2,625.09,19.675
1300.2,624.33,19.676
1301.9,625.09,19.678
1301.9,624.33,19.68
1300.2,625.09,19.681
1300.2,624.33,19.683
1307.1,625.09,19.685
1296.7,624.33,19.686
1300.2,624.33,19.688
1300.2,625.09,19.69
1303.7,625.09,19.691
1301.9,624.33,19.693
1301.9,625.09,19.696
1300.2,624.33,19.697
1300.2,624.33,19.699
1301.9,624.33,19.701
1298.4,624.33,19.702
1298.4,624.33,19.704
1298.4,625.09,19.706
1294.9,624.33,19.707
1300.2,624.33,19.709
1300.2,625.09,19.711
1303.7,624.33,19.712
1296.7,624.33,19.714
1293.2,624.33,19.716
1298.4,624.33,19.717
1301.9,624.33,19.719
1293.2,625.09,19.721
1300.2,625.09,19.722
1300.2,624.33,19.724
1300.2,625.09,19.726
1298.4,625.09,19.727
1298.4,624.33,19.729
1298.4,625.09,19.731
1298.4,624.33,19.732
1300.2,624.33,19.734
1298.4,624.33,19.735
1301.9,624.33,19.737
1300.2,625.09,19.74
1300.2,624.33,19.741
1296.7,625.09,19.743
1300.2,625.09,19.745
1296.7,625.09,19.746
1300.2,624.33,19.748
1294.9,624.33,19.75
1301.9,625.09,19.751
1300.2,624.33,19.753
1303.7,624.33,19.755
1298.4,624.33,19.756
1300.2,624.33,19.758
1298.4,624.33,19.76
1301.9,624.33,19.761
1300.2,625.09,19.763
1296.7,624.33,19.765
1300.2,625.09,19.766
1300.2,624.33,19.768
1298.4,624.33,19.77
1300.2,624.33,19.771
1301.9,624.33,19.773
1298.4,624.33,19.775
1298.4,625.09,19.776
1300.2,624.33,19.778
1300.2,624.33,19.78
1300.2,624.33,19.782
1294.9,624.33,19.784
1300.2,624.33,19.786
1300.2,624.33,19.787
1300.2,624.33,19.789
1300.2,624.33,19.791
1301.9,624.33,19.792
1301.9,625.09,19.794
1298.4,624.33,19.796
1296.7,625.09,19.797
1298.4,625.09,19.799
1300.2,625.09,19.801
1298.4,625.09,19.802
1300.2,624.33,19.804
1300.2,624.33,19.806
1300.2,624.33,19.807
1298.4,624.33,19.809
1298.4,624.33,19.811
1300.2,624.33,19.812
1296.7,624.33,19.814
1296.7,624.33,19.816
1298.4,625.09,19.817
1298.4,624.33,19.819
1300.2,624.33,19.82
1300.2,624.33,19.822
1300.2,625.09,19.825
1298.4,624.33,19.826
1293.2,624.33,19.828
1300.2,624.33,19.83
1300.2,625.09,19.831
1296.7,624.33,19.833
1296.7,624.33,19.835
1298.4,624.33,19.836
1298.4,624.33,19.838
1298.4,624.33,19.84
1296.7,624.33,19.841
1298.4,624.33,19.843
1300.2,624.33,19.845
1300.2,625.09,19.846
1300.2,625.09,19.848
1300.2,624.33,19.85
1300.2,625.09,19.851
1300.2,624.33,19.853
1300.2,625.09,19.855
1300.2,624.33,19.856
1294.9,624.33,19.858
1301.9,624.33,19.86
1298.4,624.33,19.861
1300.2,625.09,19.863
1294.9,624.33,19.865
1296.7,624.33,19.867
1301.9,624.33,19.869
1300.2,624.33,19.871
1301.9,624.33,19.872
1300.2,624.33,19.874
1300.2,624.33,19.876
1298.4,624.33,19.877
1303.7,624.33,19.879
1301.9,624.33,19.881
1298.4,624.33,19.882
1300.2,624.33,19.884
1300.2,624.33,19.886
1298.4,624.33,19.887
1298.4,624.33,19.889
1298.4,625.09,19.891
1296.7,624.33,19.892
1300.2,624.33,19.894
1300.2,624.33,19.896
1300.2,624.33,19.897
1298.4,624.33,19.899
1301.9,624.33,19.901
1298.4,625.09,19.902
1301.9,624.33,19.904
1298.4,624.33,19.905
1298.4,624.33,19.907
1300.2,624.33,19.91
1300.2,624.33,19.911
1301.9,624.33,19.913
1300.2,624.33,19.915
1303.7,624.33,19.916
1307.1,624.33,19.918
1300.2,624.33,19.92
1300.2,624.33,19.921
1298.4,624.33,19.923
1298.4,625.09,19.925
1301.9,624.33,19.926
1300.2,624.33,19.928
1301.9,624.33,19.93
1300.2,624.33,19.931
1296.7,624.33,19.933
1296.7,624.33,19.935
1300.2,624.33,19.936
1298.4,624.33,19.938
1296.7,624.33,19.94
1298.4,624.33,19.941
1300.2,624.33,19.943
1298.4,624.33,19.945
1296.7,624.33,19.946
1296.7,624.33,19.948
1300.2,624.33,19.95
1298.4,624.33,19.952
1300.2,624.33,19.954
1294.9,624.33,19.956
1300.2,624.33,19.957
1300.2,624.33,19.959
1298.4,624.33,19.961
1298.4,624.33,19.962
1301.9,624.33,19.964
1298.4,624.33,19.966
1300.2,624.33,19.967
1300.2,624.33,19.969
1301.9,624.33,19.971
1298.4,624.33,19.972
1298.4,624.33,19.974
1298.4,624.33,19.976
1300.2,624.33,19.977
1300.2,624.33,19.979
1301.9,624.33,19.981
1296.7,625.09,19.982
1298.4,624.33,19.984
1300.2,624.33,19.986
1293.2,624.33,19.987
1296.7,624.33,19.989
1296.7,624.33,19.991
1298.4,624.33,19.992
1300.2,624.33,19.995
1296.7,624.33,19.996
1300.2,624.33,19.998
1298.4,624.33,20
1312.4,624.33,20.001
1308.9,624.33,20.003
1310.6,624.33,20.005
1310.6,624.33,20.006
1310.6,624.33,20.008
1308.9,624.33,20.01
1308.9,624.33,20.011
1298.4,624.33,20.013
1296.7,623.56,20.015
1298.4,623.56,20.016
1296.7,623.56,20.018
1298.4,624.33,20.02
1296.7,623.56,20.021
1294.9,623.56,20.023
1303.7,624.33,20.025
1301.9,625.09,20.026
1301.9,625.86,20.028
1298.4,625.09,20.03
1298.4,625.86,20.031
1303.7,625.86,20.033
1301.9,625.09,20.035
1300.2,625.09,20.036
1298.4,625.09,20.039
1300.2,624.33,20.041
1298.4,624.33,20.042
1298.4,624.33,20.044
1296.7,624.33,20.046
1298.4,625.09,20.047
1300.2,625.09,20.049
1298.4,625.86,20.051
1303.7,625.86,20.052
1303.7,625.86,20.054
1298.4,625.09,20.056
1307.1,624.33,20.057
1298.4,625.09,20.059
1298.4,624.33,20.061
1298.4,624.33,20.062
1298.4,623.56,20.064
1296.7,624.33,20.066
1298.4,624.33,20.067
1301.9,625.09,20.069
1298.4,625.09,20.071
1298.4,625.09,20.072
1300.2,625.09,20.074
1301.9,625.86,20.076
1300.2,625.09,20.077
1298.4,624.33,20.08
1294.9,624.33,20.081
1300.2,624.33,20.083
1300.2,624.33,20.085
1298.4,625.09,20.086
1301.9,625.09,20.088
1303.7,625.09,20.09
1301.9,625.09,20.091
1301.9,625.09,20.093
1301.9,625.09,20.095
1300.2,625.09,20.096
1296.7,625.09,20.098
1298.4,625.09,20.1
1298.4,624.33,20.101
1298.4,625.09,20.103
1298.4,624.33,20.105
1300.2,625.09,20.106
1300.2,624.33,20.108
1303.7,625.09,20.11
1300.2,625.09,20.111
1298.4,625.09,20.113
1305.4,625.09,20.115
1293.2,625.09,20.116
1310.6,625.09,20.118
1300.2,625.09,20.12
1298.4,625.86,20.121
1296.7,624.33,20.124
1300.2,624.33,20.126
1298.4,625.09,20.127
1296.7,625.09,20.129
1300.2,624.33,20.131
1298.4,625.09,20.132
1300.2,625.09,20.134
1303.7,625.09,20.136
1301.9,625.09,20.137
1301.9,625.09,20.139
1296.7,625.09,20.141
1298.4,625.09,20.142
1298.4,625.09,20.144
1298.4,624.33,20.146
1305.4,624.33,20.147
1298.4,624.33,20.149
1303.7,625.09,20.151
1298.4,625.09,20.152
1296.7,625.09,20.154
1301.9,625.09,20.156
1301.9,625.09,20.157
1301.9,624.33,20.159
1298.4,625.09,20.161
1305.4,625.09,20.162
1298.4,625.09,20.164
1301.9,625.09,20.167
1298.4,624.33,20.168
1300.2,624.33,20.17
1298.4,624.33,20.171
1294.9,625.09,20.173
1300.2,625.09,20.175
1301.9,625.09,20.176
1300.2,625.09,20.178
1301.9,624.33,20.18
1298.4,625.09,20.181
1298.4,625.09,20.183
1300.2,624.33,20.185
1298.4,624.33,20.186
1296.7,625.09,20.188
1300.2,624.33,20.19
1296.7,625.09,20.191
1300.2,624.33,20.193
1300.2,624.33,20.195
1296.7,625.09,20.196
1300.2,625.09,20.198
1300.2,624.33,20.2
1301.9,624.33,20.201
1301.9,625.09,20.203
1307.1,624.33,20.205
1301.9,624.33,20.206
1301.9,625.09,20.209
1296.7,624.33,20.211
1308.9,625.09,20.212
1298.4,625.09,20.214
1300.2,625.09,20.216
1294.9,624.33,20.217
1303.7,624.33,20.219
1300.2,624.33,20.221
1296.7,625.09,20.222
1296.7,624.33,20.224
1303.7,624.33,20.226
1300.2,624.33,20.227
1301.9,624.33,20.229
1300.2,624.33,20.231
1300.2,625.09,20.232
1300.2,624.33,20.234
1300.2,625.09,20.236
1294.9,625.09,20.237
1305.4,624.33,20.239
1300.2,624.33,20.241
1300.2,625.09,20.242
1301.9,624.33,20.244
1300.2,624.33,20.246
1296.7,624.33,20.247
1298.4,625.09,20.249
1296.7,625.09,20.252
1300.2,625.09,20.253
1301.9,624.33,20.255
1300.2,625.09,20.256
1298.4,624.33,20.258
1294.9,624.33,20.26
1300.2,624.33,20.261
1301.9,625.09,20.263
1298.4,625.09,20.265
1293.2,625.09,20.266
1300.2,624.33,20.268
1300.2,624.33,20.27
1300.2,625.09,20.271
1296.7,624.33,20.273
1305.4,625.09,20.275
1305.4,624.33,20.276
1300.2,624.33,20.278
1296.7,625.09,20.28
1303.7,624.33,20.281
1301.9,625.09,20.283
1300.2,625.09,20.285
1301.9,624.33,20.286
1300.2,624.33,20.288
1301.9,624.33,20.29
1296.7,624.33,20.291
1300.2,625.09,20.294
1301.9,624.33,20.296
1301.9,624.33,20.297
1303.7,624.33,20.299
1301.9,624.33,20.301
1303.7,624.33,20.302
1294.9,624.33,20.304
1289.7,625.09,20.306
1298.4,625.09,20.307
1300.2,624.33,20.309
1300.2,625.09,20.311
1300.2,624.33,20.312
1300.2,624.33,20.314
1300.2,624.33,20.316
1300.2,624.33,20.317
1300.2,624.33,20.319
1300.2,625.09,20.321
1301.9,625.09,20.322
1300.2,625.09,20.324
1301.9,624.33,20.326
1301.9,624.33,20.327
1300.2,624.33,20.329
1300.2,624.33,20.331
1308.9,624.33,20.332
1298.4,624.33,20.334
1301.9,624.33,20.337
1300.2,624.33,20.338
1301.9,624.33,20.34
1300.2,624.33,20.341
1301.9,624.33,20.343
1301.9,624.33,20.345
1301.9,624.33,20.346
1298.4,624.33,20.348
1298.4,624.33,20.35
1300.2,624.33,20.351
1303.7,624.33,20.353
1300.2,625.09,20.355
1303.7,624.33,20.356
1294.9,624.33,20.358
1301.9,624.33,20.36
1298.4,624.33,20.361
1300.2,624.33,20.363
1301.9,624.33,20.365
1291.4,624.33,20.366
1301.9,624.33,20.368
1300.2,624.33,20.37
1300.2,624.33,20.371
1298.4,624.33,20.373
1300.2,625.09,20.375
1301.9,624.33,20.376
1301.9,625.09,20.379
1294.9,625.09,20.381
1300.2,624.33,20.382
1300.2,624.33,20.384
1301.9,624.33,20.386
1298.4,624.33,20.387
1293.2,625.09,20.389
1300.2,624.33,20.391
1296.7,624.33,20.392
1300.2,625.09,20.394
1300.2,624.33,20.396
1301.9,624.33,20.397
1301.9,624.33,20.399
1298.4,624.33,20.401
1298.4,624.33,20.402
1300.2,624.33,20.404
1301.9,624.33,20.406
1294.9,624.33,20.407
1300.2,624.33,20.409
1294.9,624.33,20.411
1300.2,624.33,20.412
1300.2,625.09,20.414
1300.2,624.33,20.416
1303.7,624.33,20.417
1301.9,624.33,20.419
1298.4,624.33,20.422
1298.4,624.33,20.423
1300.2,624.33,20.425
1301.9,624.33,20.427
1305.4,623.56,20.428
1300.2,624.33,20.43
1303.7,625.09,20.431
1300.2,625.09,20.433
1301.9,624.33,20.435
1300.2,624.33,20.436
1294.9,624.33,20.438
1300.2,624.33,20.44
1301.9,624.33,20.441
1300.2,624.33,20.443
1300.2,624.33,20.445
1298.4,625.09,20.446
1300.2,624.33,20.448
1300.2,625.09,20.45
1300.2,624.33,20.451
1301.9,624.33,20.453
1300.2,624.33,20.455
1300.2,624.33,20.456
1301.9,624.33,20.458
1300.2,624.33,20.46
1300.2,624.33,20.461
1300.2,624.33,20.464
1296.7,624.33,20.466
1300.2,625.09,20.467
1300.2,624.33,20.469
1301.9,624.33,20.471
1298.4,624.33,20.472
1296.7,624.33,20.474
1298.4,624.33,20.476
1300.2,624.33,20.477
1300.2,624.33,20.479
1300.2,624.33,20.481
1300.2,624.33,20.482
1300.2,624.33,20.484
1300.2,625.09,20.486
1303.7,624.33,20.487
1305.4,624.33,20.489
1300.2,624.33,20.491
1300.2,624.33,20.492
1300.2,624.33,20.494
1300.2,624.33,20.496
1300.2,624.33,20.497
1298.4,624.33,20.499
1301.9,625.09,20.501
1312.4,625.09,20.502
1312.4,625.09,20.504
1314.1,624.33,20.507
1314.1,624.33,20.508
1310.6,624.33,20.51
1308.9,624.33,20.512
1300.2,624.33,20.513
1300.2,624.33,20.515
1301.9,624.33,20.516
1298.4,623.56,20.518
1307.1,623.56,20.52
1298.4,624.33,20.521
1300.2,624.33,20.523
1300.2,624.33,20.525
1298.4,624.33,20.526
1301.9,625.09,20.528
1303.7,625.86,20.53
1301.9,625.86,20.531
1296.7,625.09,20.533
1298.4,625.09,20.535
1305.4,624.33,20.536
1300.2,625.09,20.538
1301.9,624.33,20.54
1296.7,625.09,20.541
1300.2,623.56,20.543
1298.4,624.33,20.545
1298.4,624.33,20.546
1300.2,625.09,20.548
1303.7,625.09,20.551
1294.9,625.86,20.552
1303.7,625.09,20.554
1301.9,625.09,20.556
1308.9,625.09,20.557
1298.4,625.09,20.559
1294.9,624.33,20.561
1300.2,624.33,20.562
1298.4,624.33,20.564
1300.2,624.33,20.566
1300.2,624.33,20.567
1301.9,625.09,20.569
1301.9,625.09,20.571
1301.9,625.09,20.572
1303.7,625.86,20.574
1301.9,625.09,20.576
1301.9,625.09,20.577
1296.7,625.09,20.579
1300.2,624.33,20.581
1300.2,624.33,20.582
1300.2,624.33,20.584
1301.9,624.33,20.586
1300.2,625.09,20.587
1301.9,625.09,20.589
1301.9,624.33,20.592
1300.2,625.09,20.593
1298.4,625.09,20.595
1300.2,625.09,20.597
1301.9,625.09,20.598
1300.2,625.09,20.6
1294.9,624.33,20.602
1298.4,624.33,20.603
1300.2,624.33,20.605
1303.7,624.33,20.606
1298.4,624.33,20.608
1298.4,625.09,20.61
1300.2,625.09,20.611
1296.7,625.09,20.613
1301.9,625.09,20.615
1300.2,625.09,20.616
1301.9,624.33,20.618
1300.2,625.09,20.62
1296.7,624.33,20.621
1300.2,624.33,20.623
1300.2,624.33,20.625
1300.2,625.09,20.626
1300.2,624.33,20.628
1305.4,625.09,20.63
1300.2,625.09,20.631
1298.4,625.09,20.633
1301.9,625.09,20.636
1301.9,625.09,20.637
1301.9,625.86,20.639
1301.9,625.09,20.641
1298.4,624.33,20.642
1298.4,625.09,20.644
1298.4,624.33,20.646
1300.2,624.33,20.647
1307.1,624.33,20.649
1303.7,624.33,20.651
1298.4,624.33,20.652
1294.9,625.09,20.654
1301.9,625.09,20.656
1298.4,625.09,20.657
1298.4,625.09,20.659
1300.2,625.09,20.661
1300.2,624.33,20.662
1298.4,624.33,20.664
1300.2,625.09,20.666
1298.4,624.33,20.667
1298.4,624.33,20.669
1296.7,625.09,20.671
1301.9,625.09,20.672
1293.2,625.09,20.674
1300.2,624.33,20.676
1298.4,625.09,20.678
1298.4,624.33,20.68
1298.4,625.09,20.682
1296.7,625.09,20.683
1300.2,625.09,20.685
1296.7,624.33,20.687
1298.4,624.33,20.688
1300.2,624.33,20.69
1296.7,625.09,20.691
1298.4,624.33,20.693
1296.7,625.09,20.695
1298.4,624.33,20.696
1296.7,625.09,20.698
1298.4,624.33,20.7
1296.7,624.33,20.701
1301.9,625.09,20.703
1298.4,624.33,20.705
1301.9,625.09,20.706
1296.7,625.09,20.708
1296.7,624.33,20.71
1296.7,624.33,20.711
1298.4,624.33,20.713
1298.4,625.09,20.715
1294.9,624.33,20.716
1298.4,624.33,20.718
1300.2,625.09,20.721
1300.2,625.09,20.722
1300.2,625.09,20.724
1300.2,624.33,20.726
1298.4,624.33,20.727
1300.2,625.09,20.729
1300.2,624.33,20.731
1293.2,624.33,20.732
1298.4,624.33,20.734
1300.2,624.33,20.736
1301.9,624.33,20.737
1298.4,625.09,20.739
1296.7,624.33,20.741
1298.4,624.33,20.742
1296.7,624.33,20.744
1301.9,624.33,20.746
1296.7,624.33,20.747
1293.2,624.33,20.749
1294.9,624.33,20.751
1298.4,625.09,20.752
1301.9,624.33,20.754
1296.7,624.33,20.756
1300.2,623.56,20.757
1298.4,625.09,20.759
1301.9,624.33,20.761
1303.7,625.09,20.763
1296.7,624.33,20.765
1294.9,625.09,20.767
1294.9,624.33,20.768
1298.4,624.33,20.77
1305.4,624.33,20.772
1300.2,624.33,20.773
1300.2,624.33,20.775
1300.2,625.09,20.776
1300.2,624.33,20.778
1294.9,624.33,20.78
1300.2,624.33,20.781
1298.4,624.33,20.783
1300.2,624.33,20.785
1300.2,624.33,20.786
1296.7,624.33,20.788
1294.9,624.33,20.79
1296.7,625.09,20.791
1301.9,625.09,20.793
1305.4,624.33,20.795
1300.2,624.33,20.796
1300.2,624.33,20.798
1298.4,624.33,20.8
1294.9,624.33,20.801
1301.9,625.09,20.803
1298.4,624.33,20.806
1300.2,624.33,20.807
1301.9,625.09,20.809
1301.9,625.09,20.811
1293.2,624.33,20.812
1300.2,625.09,20.814
1298.4,624.33,20.816
1296.7,624.33,20.817
1298.4,624.33,20.819
1298.4,624.33,20.821
1296.7,624.33,20.822
1298.4,624.33,20.824
1305.4,624.33,20.826
1300.2,625.09,20.827
1294.9,625.09,20.829
1298.4,625.09,20.831
1300.2,624.33,20.832
1300.2,624.33,20.834
1300.2,624.33,20.836
1298.4,624.33,20.837
1298.4,624.33,20.839
1298.4,625.09,20.841
1298.4,624.33,20.842
1301.9,624.33,20.844
1298.4,625.09,20.846
1293.2,624.33,20.848
1298.4,624.33,20.85
1298.4,624.33,20.852
1301.9,624.33,20.853
1298.4,624.33,20.855
1301.9,624.33,20.857
1305.4,625.09,20.858
1300.2,624.33,20.86
1296.7,624.33,20.862
1301.9,624.33,20.863
1303.7,624.33,20.865
1298.4,624.33,20.866
1300.2,624.33,20.868
1301.9,624.33,20.87
1300.2,624.33,20.871
1300.2,624.33,20.873
1300.2,624.33,20.875
1298.4,624.33,20.876
1296.7,624.33,20.878
1298.4,624.33,20.88
1301.9,625.09,20.881
1300.2,625.09,20.883
1301.9,624.33,20.885
1300.2,624.33,20.886
1300.2,624.33,20.888
1301.9,624.33,20.891
1296.7,624.33,20.892
1301.9,625.09,20.894
1300.2,624.33,20.896
1300.2,625.09,20.897
1300.2,625.09,20.899
1298.4,624.33,20.901
1303.7,625.09,20.902
1300.2,624.33,20.904
1298.4,624.33,20.906
1300.2,624.33,20.907
1300.2,624.33,20.909
1298.4,624.33,20.911
1305.4,624.33,20.912
1301.9,624.33,20.914
1298.4,624.33,20.916
1298.4,624.33,20.917
1300.2,625.09,20.919
1301.9,624.33,20.921
1301.9,624.33,20.922
1300.2,624.33,20.924
1300.2,624.33,20.926
1298.4,624.33,20.927
1301.9,624.33,20.929
1296.7,624.33,20.931
1300.2,625.09,20.932
1301.9,625.09,20.935
1298.4,625.09,20.937
1300.2,624.33,20.938
1301.9,624.33,20.94
1298.4,624.33,20.942
1300.2,624.33,20.943
1298.4,624.33,20.945
1298.4,624.33,20.947
1300.2,624.33,20.948
1296.7,624.33,20.95
1296.7,624.33,20.951
1303.7,624.33,20.953
1300.2,624.33,20.955
1298.4,624.33,20.956
1294.9,624.33,20.958
1298.4,624.33,20.96
1300.2,624.33,20.961
1300.2,624.33,20.963
1298.4,624.33,20.965
1296.7,625.09,20.966
1298.4,624.33,20.968
1296.7,625.09,20.97
1300.2,624.33,20.971
1301.9,624.33,20.973
1296.7,624.33,20.976
1300.2,625.09,20.977
1301.9,624.33,20.979
1308.9,624.33,20.981
1298.4,624.33,20.982
1300.2,624.33,20.984
1298.4,624.33,20.986
1300.2,624.33,20.987
1298.4,624.33,20.989
1300.2,625.09,20.991
1298.4,624.33,20.992
1298.4,624.33,20.994
1300.2,624.33,20.996
1298.4,624.33,20.997
1298.4,624.33,20.999
1301.9,624.33,21.001
1310.6,624.33,21.002
1312.4,624.33,21.004
1308.9,624.33,21.006
1310.6,624.33,21.007
1312.4,624.33,21.009
1307.1,624.33,21.011
1300.2,624.33,21.012
1296.7,624.33,21.014
1298.4,625.09,21.016
1298.4,623.56,21.017
1296.7,624.33,21.02
1298.4,624.33,21.022
1301.9,623.56,21.023
1301.9,624.33,21.025
1300.2,625.09,21.027
1301.9,625.09,21.028
1301.9,625.86,21.03
1305.4,625.86,21.032
1303.7,625.86,21.033
1301.9,625.09,21.035
1298.4,625.09,21.037
1300.2,624.33,21.038
1293.2,624.33,21.04
1298.4,624.33,21.041
1298.4,624.33,21.043
1301.9,623.56,21.045
1296.7,625.09,21.046
1298.4,625.09,21.048
1301.9,625.09,21.05
1301.9,625.09,21.051
1305.4,625.09,21.053
1301.9,625.09,21.055
1300.2,625.09,21.056
1301.9,625.09,21.058
1303.7,624.33,21.06
1300.2,624.33,21.062
1303.7,624.33,21.064
1300.2,624.33,21.066
1307.1,624.33,21.067
1300.2,625.09,21.069
1300.2,625.86,21.071
1296.7,625.09,21.072
1301.9,625.09,21.074
1300.2,625.09,21.076
1300.2,625.09,21.077
1300.2,625.09,21.079
1307.1,624.33,21.081
1300.2,624.33,21.082
1301.9,624.33,21.084
1296.7,625.09,21.086
1293.2,624.33,21.087
1294.9,624.33,21.089
1296.7,625.09,21.091
1300.2,625.09,21.092
1301.9,625.09,21.094
1296.7,625.09,21.096
1296.7,624.33,21.097
1294.9,625.09,21.099
1296.7,624.33,21.101
1298.4,625.09,21.102
1298.4,624.33,21.105
1298.4,624.33,21.107
1296.7,624.33,21.108
1294.9,625.09,21.11
1300.2,625.09,21.112
1300.2,625.09,21.113
1301.9,625.09,21.115
1298.4,625.09,21.117
1300.2,625.09,21.118
1300.2,625.09,21.12
1298.4,625.09,21.122
1301.9,624.33,21.123
1298.4,624.33,21.125
1296.7,624.33,21.126
1305.4,624.33,21.128
1300.2,625.09,21.13
1298.4,624.33,21.131
1293.2,625.09,21.133
1296.7,623.56,21.135
1298.4,625.09,21.136
1300.2,625.09,21.138
1300.2,624.33,21.14
1300.2,624.33,21.141
1300.2,624.33,21.143
1300.2,624.33,21.145
1300.2,624.33,21.147
1298.4,624.33,21.149
1300.2,624.33,21.151
1300.2,624.33,21.152
1305.4,625.09,21.154
1300.2,625.86,21.156
1296.7,625.09,21.157
1298.4,624.33,21.159
1296.7,624.33,21.161
1300.2,624.33,21.162
1296.7,625.09,21.164
1298.4,624.33,21.166
1298.4,625.09,21.167
1300.2,624.33,21.169
1300.2,625.09,21.171
1296.7,624.33,21.172
1300.2,625.09,21.174
1294.9,625.09,21.176
1300.2,624.33,21.177
1300.2,624.33,21.179
1300.2,625.09,21.181
1298.4,625.09,21.182
1294.9,624.33,21.184
1294.9,624.33,21.186
1298.4,624.33,21.187
1301.9,624.33,21.19
1301.9,625.09,21.192
1303.7,624.33,21.193
1300.2,625.09,21.195
1300.2,624.33,21.197
1300.2,624.33,21.198
1296.7,625.09,21.2
1300.2,624.33,21.202
1298.4,624.33,21.203
1300.2,623.56,21.205
1301.9,625.09,21.207
1300.2,625.09,21.208
1300.2,624.33,21.21
1300.2,624.33,21.211
1301.9,624.33,21.213
1300.2,624.33,21.215
1300.2,625.09,21.216
1298.4,625.09,21.218
1303.7,624.33,21.22
1300.2,625.09,21.221
1300.2,625.09,21.223
1298.4,625.09,21.225
1298.4,624.33,21.226
1298.4,625.09,21.228
1300.2,624.33,21.23
1298.4,624.33,21.232
1298.4,624.33,21.234
1294.9,624.33,21.236
1301.9,625.09,21.237
1298.4,625.09,21.239
1294.9,624.33,21.241
1300.2,625.09,21.242
1298.4,624.33,21.244
1300.2,625.09,21.246
1298.4,624.33,21.247
1298.4,624.33,21.249
1303.7,624.33,21.251
1300.2,625.09,21.252
1301.9,624.33,21.254
1298.4,624.33,21.256
1291.4,625.09,21.257
1298.4,625.09,21.259
1300.2,625.09,21.261
1301.9,624.33,21.262
1298.4,625.09,21.264
1300.2,624.33,21.266
1298.4,625.09,21.267
1300.2,624.33,21.269
1300.2,624.33,21.271
1298.4,624.33,21.272
1300.2,624.33,21.275
1301.9,624.33,21.277
1301.9,624.33,21.278
1300.2,624.33,21.28
1298.4,624.33,21.282
1300.2,624.33,21.283
1301.9,624.33,21.285
1298.4,625.09,21.287
1300.2,624.33,21.288
1303.7,624.33,21.29
1294.9,624.33,21.292
1296.7,625.09,21.293
1300.2,624.33,21.295
1300.2,625.09,21.297
1300.2,624.33,21.298
1303.7,625.09,21.3
1300.2,624.33,21.301
1300.2,624.33,21.303
1298.4,624.33,21.305
1294.9,624.33,21.306
1300.2,625.09,21.308
1300.2,624.33,21.31
1298.4,624.33,21.311
1298.4,624.33,21.313
1300.2,624.33,21.315
1303.7,625.09,21.316
1301.9,624.33,21.319
1300.2,624.33,21.321
1300.2,624.33,21.322
1298.4,624.33,21.324
1296.7,624.33,21.326
1300.2,624.33,21.327
1300.2,624.33,21.329
1298.4,625.09,21.331
1305.4,624.33,21.332
1301.9,625.09,21.334
1300.2,624.33,21.336
1300.2,625.09,21.337
1298.4,624.33,21.339
1301.9,624.33,21.341
1300.2,624.33,21.342
1298.4,624.33,21.344
1300.2,625.09,21.346
1298.4,624.33,21.347
1300.2,624.33,21.349
1296.7,624.33,21.351
1300.2,625.09,21.352
1301.9,624.33,21.354
1303.7,624.33,21.356
1298.4,624.33,21.357
1294.9,624.33,21.36
1300.2,624.33,21.362
1298.4,624.33,21.363
1298.4,624.33,21.365
1298.4,624.33,21.367
1298.4,624.33,21.368
1298.4,624.33,21.37
1300.2,625.09,21.372
1300.2,624.33,21.373
1300.2,624.33,21.375
1298.4,624.33,21.377
1300.2,624.33,21.378
1298.4,624.33,21.38
1301.9,624.33,21.382
1300.2,624.33,21.383
1293.2,624.33,21.385
1298.4,624.33,21.386
1300.2,624.33,21.388
1300.2,624.33,21.39
1300.2,624.33,21.391
1298.4,624.33,21.393
1294.9,624.33,21.395
1300.2,624.33,21.396
1300.2,624.33,21.398
1300.2,624.33,21.4
1300.2,624.33,21.401
1300.2,624.33,21.404
1300.2,625.09,21.406
1300.2,624.33,21.407
1298.4,624.33,21.409
1301.9,624.33,21.411
1298.4,624.33,21.412
1300.2,625.09,21.414
1298.4,624.33,21.416
1298.4,624.33,21.417
1298.4,624.33,21.419
1300.2,624.33,21.421
1305.4,624.33,21.422
1296.7,624.33,21.424
1305.4,624.33,21.426
1300.2,624.33,21.427
1298.4,624.33,21.429
1303.7,624.33,21.431
1298.4,624.33,21.432
1300.2,624.33,21.434
1298.4,624.33,21.436
1300.2,624.33,21.437
1294.9,625.09,21.439
1300.2,624.33,21.441
1300.2,624.33,21.442
1298.4,624.33,21.444
1298.4,624.33,21.447
1298.4,624.33,21.448
1298.4,624.33,21.45
1301.9,624.33,21.452
1298.4,624.33,21.453
1293.2,624.33,21.455
1300.2,624.33,21.457
1300.2,624.33,21.458
1301.9,624.33,21.46
1307.1,624.33,21.462
1300.2,624.33,21.463
1298.4,624.33,21.465
1298.4,624.33,21.467
1301.9,624.33,21.468
1300.2,624.33,21.47
1300.2,624.33,21.472
1298.4,624.33,21.473
1298.4,624.33,21.475
1294.9,624.33,21.476
1300.2,624.33,21.478
1300.2,624.33,21.48
1300.2,624.33,21.481
1298.4,625.09,21.483
1298.4,624.33,21.485
1300.2,624.33,21.486
1296.7,624.33,21.489
1300.2,624.33,21.491
1300.2,624.33,21.492
1298.4,624.33,21.494
1300.2,624.33,21.496
1300.2,624.33,21.497
1301.9,624.33,21.499
1303.7,624.33,21.501
1312.4,624.33,21.502
1312.4,624.33,21.504
1314.1,624.33,21.506
1308.9,624.33,21.507
1312.4,624.33,21.509
1308.9,624.33,21.511
1300.2,623.56,21.512
1298.4,624.33,21.514
1293.2,624.33,21.516
1298.4,623.56,21.517
1296.7,623.56,21.519
1305.4,624.33,21.521
1296.7,623.56,21.522
1298.4,624.33,21.524
1300.2,624.33,21.526
1300.2,625.09,21.527
1308.9,625.86,21.529
1300.2,625.09,21.532
1303.7,625.09,21.533
1300.2,625.09,21.535
1301.9,624.33,21.537
1301.9,624.33,21.538
1298.4,624.33,21.54
1300.2,623.56,21.542
1294.9,624.33,21.543
1298.4,624.33,21.545
1298.4,625.09,21.547
1300.2,625.09,21.548
1303.7,625.09,21.55
1300.2,625.09,21.552
1301.9,625.09,21.553
1301.9,625.09,21.555
1300.2,625.09,21.557
1300.2,625.09,21.558
1300.2,624.33,21.56
1298.4,624.33,21.561
1300.2,624.33,21.563
1293.2,624.33,21.565
1298.4,624.33,21.566
1300.2,625.09,21.568
1301.9,625.09,21.57
1300.2,625.09,21.571
1301.9,625.09,21.574
1301.9,625.09,21.576
1303.7,625.09,21.577
1301.9,624.33,21.579
1300.2,624.33,21.581
1300.2,625.09,21.582
1298.4,624.33,21.584
1293.2,624.33,21.586
1301.9,624.33,21.587
1298.4,625.09,21.589
1307.1,625.09,21.591
1300.2,625.09,21.592
1300.2,625.09,21.594
1298.4,625.09,21.596
1298.4,625.09,21.597
1307.1,625.09,21.599
1300.2,624.33,21.601
1300.2,624.33,21.602
1300.2,625.09,21.604
1298.4,625.09,21.606
1298.4,625.09,21.607
1300.2,625.09,21.609
1305.4,625.09,21.611
1300.2,625.09,21.612
1298.4,625.09,21.614
1301.9,625.09,21.617
1301.9,625.09,21.618
1301.9,625.09,21.62
1301.9,625.09,21.622
1298.4,625.09,21.623
1301.9,624.33,21.625
1298.4,625.09,21.627
1298.4,624.33,21.628
1307.1,624.33,21.63
1301.9,624.33,21.632
1300.2,624.33,21.633
1300.2,624.33,21.635
1301.9,625.09,21.637
1300.2,625.09,21.638
1296.7,625.09,21.64
1300.2,625.09,21.642
1301.9,625.09,21.643
1300.2,624.33,21.645
1300.2,624.33,21.646
1300.2,624.33,21.648
1301.9,624.33,21.65
1300.2,624.33,21.651
1300.2,625.09,21.653
1301.9,624.33,21.655
1307.1,625.09,21.656
1301.9,625.09,21.659
1308.9,625.09,21.661
1300.2,624.33,21.662
1300.2,624.33,21.664
1301.9,625.09,21.666
1300.2,624.33,21.667
1298.4,624.33,21.669
1293.2,625.09,21.671
1300.2,625.09,21.672
1301.9,625.09,21.674
1301.9,625.09,21.676
1301.9,625.09,21.677
1300.2,624.33,21.679
1301.9,625.09,21.681
1307.1,624.33,21.682
1294.9,624.33,21.684
1296.7,624.33,21.686
1296.7,624.33,21.687
1300.2,624.33,21.689
1300.2,624.33,21.691
1294.9,624.33,21.692
1298.4,625.09,21.694
1298.4,624.33,21.696
1301.9,624.33,21.697
1298.4,624.33,21.699
1300.2,625.09,21.702
1300.2,624.33,21.703
1300.2,624.33,21.705
1300.2,624.33,21.707
1300.2,624.33,21.708
1301.9,624.33,21.71
1300.2,624.33,21.712
1301.9,624.33,21.713
1300.2,625.09,21.715
1301.9,624.33,21.717
1298.4,625.09,21.718
1294.9,624.33,21.72
1301.9,624.33,21.722
1298.4,624.33,21.723
1298.4,624.33,21.725
1296.7,624.33,21.727
1298.4,625.09,21.728
1300.2,624.33,21.73
1300.2,625.09,21.732
1298.4,624.33,21.733
1298.4,625.09,21.735
1298.4,625.09,21.736
1301.9,624.33,21.738
1298.4,624.33,21.74
1300.2,624.33,21.741
1300.2,624.33,21.744
1300.2,624.33,21.746
1296.7,624.33,21.747
1298.4,624.33,21.749
1300.2,624.33,21.751
1298.4,625.09,21.752
1300.2,624.33,21.754
1300.2,624.33,21.756
1300.2,624.33,21.757
1301.9,624.33,21.759
1300.2,624.33,21.761
1300.2,625.09,21.762
1298.4,624.33,21.764
1300.2,624.33,21.766
1300.2,624.33,21.767
1300.2,625.09,21.769
1298.4,624.33,21.771
1298.4,624.33,21.772
1305.4,624.33,21.774
1300.2,625.09,21.776
1300.2,624.33,21.777
1303.7,624.33,21.779
1300.2,624.33,21.781
1298.4,624.33,21.782
1300.2,624.33,21.784
1300.2,624.33,21.787
1303.7,624.33,21.788
1300.2,624.33,21.79
1298.4,625.09,21.792
1300.2,624.33,21.793
1300.2,624.33,21.795
1298.4,624.33,21.797
1305.4,624.33,21.798
1298.4,625.09,21.8
1298.4,624.33,21.802
1300.2,624.33,21.803
1301.9,624.33,21.805
1294.9,624.33,21.807
1298.4,624.33,21.808
1296.7,624.33,21.81
1298.4,624.33,21.812
1296.7,624.33,21.813
1296.7,624.33,21.815
1305.4,624.33,21.817
1300.2,624.33,21.818
1300.2,624.33,21.82
1300.2,625.09,21.821
1305.4,625.09,21.823
1305.4,624.33,21.825
1298.4,624.33,21.826
1296.7,624.33,21.828
1300.2,624.33,21.831
1298.4,624.33,21.832
1307.1,624.33,21.834
1300.2,624.33,21.836
1301.9,624.33,21.837
1300.2,624.33,21.839
1305.4,624.33,21.841
1307.1,624.33,21.842
1301.9,624.33,21.844
1301.9,624.33,21.846
1293.2,624.33,21.847
1301.9,624.33,21.849
1300.2,624.33,21.851
1298.4,624.33,21.852
1301.9,624.33,21.854
1305.4,624.33,21.856
1294.9,624.33,21.857
1301.9,624.33,21.859
1301.9,624.33,21.861
1300.2,624.33,21.862
1305.4,624.33,21.864
1300.2,624.33,21.866
1300.2,624.33,21.867
1300.2,624.33,21.869
1301.9,624.33,21.872
1300.2,624.33,21.873
1300.2,624.33,21.875
1303.7,625.09,21.877
1298.4,624.33,21.878
1296.7,624.33,21.88
1298.4,625.09,21.882
1296.7,624.33,21.883
1296.7,624.33,21.885
1298.4,624.33,21.887
1298.4,624.33,21.888
1296.7,624.33,21.89
1298.4,624.33,21.892
1298.4,624.33,21.893
1300.2,625.09,21.895
1296.7,624.33,21.897
1301.9,624.33,21.898
1296.7,624.33,21.9
1298.4,624.33,21.902
1303.7,624.33,21.903
1296.7,624.33,21.905
1296.7,624.33,21.907
1296.7,624.33,21.908
1298.4,625.09,21.91
1296.7,624.33,21.911
1298.4,624.33,21.913
1293.2,624.33,21.916
1298.4,624.33,21.917
1300.2,624.33,21.919
1298.4,624.33,21.921
1300.2,624.33,21.922
1300.2,624.33,21.924
1300.2,624.33,21.926
1300.2,624.33,21.927
1296.7,624.33,21.929
1298.4,625.09,21.931
1298.4,624.33,21.932
1298.4,624.33,21.934
1298.4,624.33,21.936
1298.4,624.33,21.937
1300.2,624.33,21.939
1298.4,624.33,21.941
1296.7,624.33,21.942
1291.4,624.33,21.944
1300.2,624.33,21.946
1293.2,624.33,21.947
1300.2,624.33,21.949
1298.4,624.33,21.951
1298.4,624.33,21.952
1298.4,624.33,21.954
1301.9,624.33,21.956
1298.4,624.33,21.958
1300.2,624.33,21.96
1298.4,624.33,21.962
1301.9,625.09,21.963
1296.7,624.33,21.965
1298.4,624.33,21.967
1296.7,624.33,21.968
1298.4,624.33,21.97
1300.2,624.33,21.972
1294.9,624.33,21.973
1298.4,624.33,21.975
1300.2,624.33,21.977
1298.4,624.33,21.978
1298.4,624.33,21.98
1300.2,625.09,21.982
1298.4,624.33,21.983
1300.2,624.33,21.985
1298.4,624.33,21.987
1300.2,624.33,21.988
1296.7,624.33,21.99
1301.9,624.33,21.992
1298.4,624.33,21.993
1298.4,624.33,21.995
1300.2,624.33,21.996
1298.4,624.33,21.998
1301.9,624.33,22.001
1310.6,624.33,22.002
1310.6,624.33,22.004
1308.9,624.33,22.006
1314.1,624.33,22.007
1312.4,624.33,22.009
1308.9,624.33,22.011
1300.2,624.33,22.012
1300.2,624.33,22.014
1305.4,623.56,22.016
1300.2,623.56,22.017
1298.4,623.56,22.019
1296.7,624.33,22.021
1298.4,623.56,22.022
1298.4,624.33,22.024
1300.2,624.33,22.026
1300.2,625.09,22.027
1301.9,625.09,22.029
1301.9,625.86,22.031
1301.9,625.86,22.032
1301.9,625.09,22.034
1301.9,625.09,22.036
1301.9,624.33,22.037
1300.2,624.33,22.039
1298.4,624.33,22.041
1298.4,624.33,22.043
1300.2,624.33,22.045
1300.2,624.33,22.047
1305.4,625.09,22.048
1300.2,625.09,22.05
1301.9,625.09,22.052
1298.4,625.09,22.053
1301.9,625.09,22.055
1300.2,625.09,22.057
1301.9,624.33,22.058
1308.9,624.33,22.06
1298.4,624.33,22.062
1300.2,624.33,22.063
1298.4,624.33,22.065
1300.2,624.33,22.067
1294.9,624.33,22.068
1301.9,625.09,22.07
1301.9,625.09,22.072
1303.7,625.09,22.073
1301.9,625.09,22.075
1300.2,625.09,22.077
1300.2,624.33,22.078
1298.4,624.33,22.08
1298.4,623.56,22.081
1298.4,624.33,22.083
1300.2,624.33,22.086
1301.9,625.09,22.087
1300.2,624.33,22.089
1301.9,625.09,22.091
1300.2,625.09,22.092
1300.2,625.09,22.094
1301.9,625.09,22.096
1300.2,625.09,22.097
1300.2,624.33,22.099
1298.4,624.33,22.101
1303.7,624.33,22.102
1298.4,624.33,22.104
1300.2,625.09,22.106
1303.7,624.33,22.107
1298.4,624.33,22.109
1298.4,625.09,22.111
1300.2,625.09,22.112
1298.4,625.09,22.114
1300.2,625.09,22.116
1300.2,625.09,22.117
1300.2,624.33,22.119
1298.4,624.33,22.121
1305.4,624.33,22.122
1296.7,624.33,22.124
1300.2,624.33,22.126
1300.2,624.33,22.128
1301.9,625.09,22.13
1298.4,624.33,22.132
1300.2,625.09,22.133
1301.9,625.09,22.135
1301.9,625.09,22.137
1300.2,624.33,22.138
1300.2,625.09,22.14
1301.9,624.33,22.142
1300.2,624.33,22.143
1301.9,624.33,22.145
1300.2,624.33,22.147
1300.2,624.33,22.148
1298.4,625.09,22.15
1300.2,624.33,22.152
1300.2,624.33,22.153
1300.2,625.09,22.155
1296.7,624.33,22.157
1300.2,625.09,22.158
1298.4,624.33,22.16
1303.7,624.33,22.162
1300.2,624.33,22.163
1301.9,624.33,22.165
1300.2,624.33,22.167
1298.4,624.33,22.168
1300.2,624.33,22.171
1301.9,625.09,22.172
1298.4,624.33,22.174
1300.2,624.33,22.176
1308.9,625.09,22.177
1300.2,624.33,22.179
1300.2,624.33,22.181
1298.4,625.09,22.182
1298.4,625.09,22.184
1298.4,624.33,22.186
1298.4,624.33,22.187
1296.7,625.09,22.189
1300.2,624.33,22.191
1294.9,624.33,22.192
1298.4,624.33,22.194
1300.2,624.33,22.196
1301.9,625.09,22.197
1308.9,625.09,22.199
1300.2,625.09,22.201
1298.4,624.33,22.202
1298.4,624.33,22.204
1296.7,624.33,22.206
1298.4,624.33,22.207
1298.4,624.33,22.209
1298.4,624.33,22.211
1300.2,624.33,22.212
1300.2,624.33,22.215
1300.2,625.09,22.217
1298.4,624.33,22.218
1301.9,625.09,22.22
1301.9,624.33,22.222
1300.2,625.09,22.223
1298.4,625.09,22.225
1301.9,624.33,22.227
1300.2,624.33,22.228
1298.4,624.33,22.23
1298.4,624.33,22.232
1298.4,624.33,22.233
1300.2,625.09,22.235
1300.2,624.33,22.237
1300.2,624.33,22.238
1296.7,624.33,22.24
1300.2,624.33,22.242
1300.2,624.33,22.243
1298.4,624.33,22.245
1298.4,624.33,22.247
1298.4,624.33,22.248
1296.7,624.33,22.25
1300.2,624.33,22.252
1298.4,624.33,22.253
1298.4,625.09,22.256
1296.7,625.09,22.257
1300.2,625.09,22.259
1298.4,624.33,22.261
1300.2,624.33,22.262
1307.1,624.33,22.264
1291.4,624.33,22.266
1300.2,624.33,22.267
1298.4,624.33,22.269
1300.2,624.33,22.271
1300.2,624.33,22.272
1294.9,624.33,22.274
1301.9,625.09,22.276
1300.2,624.33,22.277
1298.4,624.33,22.279
1300.2,624.33,22.281
1291.4,624.33,22.282
1298.4,624.33,22.284
1298.4,624.33,22.286
1301.9,624.33,22.287
1298.4,624.33,22.289
1298.4,624.33,22.291
1300.2,624.33,22.292
1300.2,624.33,22.294
1301.9,625.09,22.296
1300.2,624.33,22.297
1298.4,624.33,22.3
1296.7,624.33,22.302
1298.4,624.33,22.303
1300.2,624.33,22.305
1300.2,624.33,22.307
1300.2,624.33,22.308
1300.2,624.33,22.31
1300.2,624.33,22.312
1300.2,624.33,22.313
1298.4,624.33,22.315
1300.2,624.33,22.317
1293.2,624.33,22.318
1300.2,624.33,22.32
1301.9,624.33,22.322
1300.2,624.33,22.323
1301.9,624.33,22.325
1300.2,624.33,22.327
1300.2,624.33,22.328
1296.7,625.09,22.33
1298.4,624.33,22.332
1300.2,624.33,22.333
1300.2,624.33,22.335
1298.4,624.33,22.337
1300.2,624.33,22.338
1294.9,625.09,22.34
1308.9,624.33,22.343
1294.9,624.33,22.344
1303.7,624.33,22.346
1298.4,624.33,22.347
1298.4,624.33,22.349
1298.4,624.33,22.351
1298.4,624.33,22.352
1300.2,624.33,22.354
1300.2,625.09,22.356
1300.2,624.33,22.357
1300.2,624.33,22.359
1301.9,625.09,22.361
1298.4,624.33,22.362
1300.2,625.09,22.364
1303.7,624.33,22.366
1301.9,624.33,22.367
1301.9,624.33,22.369
1298.4,624.33,22.371
1300.2,624.33,22.372
1300.2,624.33,22.374
1301.9,624.33,22.376
1300.2,624.33,22.377
1305.4,624.33,22.379
1301.9,625.09,22.381
1300.2,624.33,22.382
1298.4,624.33,22.385
1298.4,624.33,22.387
1296.7,624.33,22.388
1296.7,624.33,22.39
1298.4,624.33,22.392
1300.2,624.33,22.393
1300.2,624.33,22.395
1298.4,624.33,22.397
1300.2,624.33,22.398
1300.2,624.33,22.4
1300.2,625.09,22.402
1298.4,624.33,22.403
1303.7,624.33,22.405
1294.9,624.33,22.407
1300.2,624.33,22.408
1300.2,624.33,22.41
1298.4,624.33,22.412
1298.4,624.33,22.413
1301.9,624.33,22.415
1301.9,624.33,22.417
1298.4,624.33,22.418
1300.2,624.33,22.42
1300.2,624.33,22.422
1301.9,625.09,22.423
1300.2,624.33,22.425
1296.7,624.33,22.428
1300.2,624.33,22.429
1300.2,624.33,22.431
1298.4,625.09,22.432
1300.2,625.09,22.434
1301.9,624.33,22.436
1298.4,624.33,22.437
1301.9,624.33,22.439
1298.4,624.33,22.441
1298.4,624.33,22.442
1298.4,624.33,22.444
1300.2,624.33,22.446
1300.2,624.33,22.447
1296.7,624.33,22.449
1298.4,624.33,22.451
1301.9,624.33,22.452
1300.2,624.33,22.454
1300.2,624.33,22.456
1301.9,624.33,22.457
1300.2,624.33,22.459
1298.4,624.33,22.461
1300.2,624.33,22.462
1300.2,624.33,22.464
1298.4,624.33,22.466
1298.4,624.33,22.467
1298.4,624.33,22.47
1300.2,624.33,22.472
1300.2,624.33,22.473
1298.4,624.33,22.475
1298.4,624.33,22.477
1298.4,624.33,22.478
1298.4,624.33,22.48
1298.4,624.33,22.482
1298.4,624.33,22.483
1301.9,624.33,22.485
1298.4,624.33,22.487
1294.9,624.33,22.488
1296.7,624.33,22.49
1300.2,624.33,22.492
1300.2,624.33,22.493
1298.4,623.56,22.495
1298.4,624.33,22.497
1300.2,624.33,22.498
1300.2,624.33,22.5
1312.4,624.33,22.502
1308.9,624.33,22.503
1308.9,624.33,22.505
1308.9,624.33,22.507
1308.9,624.33,22.508
1312.4,624.33,22.51
1307.1,624.33,22.513
1298.4,624.33,22.514
1300.2,623.56,22.516
1298.4,624.33,22.517
1296.7,623.56,22.519
1300.2,623.56,22.521
1298.4,623.56,22.522
1303.7,623.56,22.524
1296.7,624.33,22.526
1300.2,625.09,22.527
1301.9,625.86,22.529
1303.7,625.86,22.531
1305.4,625.86,22.532
1301.9,625.86,22.534
1300.2,625.09,22.536
1301.9,625.09,22.537
1300.2,624.33,22.539
1296.7,624.33,22.541
1300.2,624.33,22.542
1296.7,624.33,22.544
1303.7,624.33,22.546
1301.9,625.09,22.547
1300.2,625.09,22.549
1300.2,625.86,22.551
1301.9,625.86,22.552
1303.7,625.09,22.555
1300.2,625.86,22.557
1301.9,625.09,22.558
1298.4,625.09,22.56
1303.7,624.33,22.562
1300.2,624.33,22.563
1296.7,624.33,22.565
1300.2,623.56,22.567
1301.9,625.09,22.568
1300.2,625.09,22.57
1303.7,625.09,22.572
1301.9,625.09,22.573
1303.7,625.09,22.575
1300.2,625.09,22.577
1300.2,625.09,22.578
1298.4,624.33,22.58
1298.4,625.09,22.582
1301.9,624.33,22.583
1298.4,624.33,22.585
1300.2,624.33,22.587
1301.9,624.33,22.588
1300.2,625.09,22.59
1301.9,625.09,22.592
1301.9,625.09,22.593
1300.2,625.09,22.595
1298.4,625.09,22.598
1300.2,625.09,22.599
1298.4,625.09,22.601
1300.2,625.09,22.603
1301.9,624.33,22.604
1298.4,624.33,22.606
1307.1,625.09,22.607
1307.1,624.33,22.609
1300.2,624.33,22.611
1305.4,625.09,22.612
1300.2,625.09,22.614
1301.9,625.09,22.616
1300.2,625.09,22.617
1301.9,625.09,22.619
1296.7,625.09,22.621
1301.9,625.09,22.622
1300.2,625.09,22.624
1303.7,624.33,22.626
1300.2,624.33,22.627
1298.4,624.33,22.629
1298.4,624.33,22.631
1298.4,625.09,22.632
1298.4,625.09,22.634
1301.9,625.09,22.636
1301.9,625.09,22.637
1301.9,625.09,22.64
1300.2,625.09,22.642
1300.2,624.33,22.643
1300.2,624.33,22.645
1301.9,625.09,22.647
1301.9,624.33,22.648
1300.2,625.09,22.65
1300.2,625.09,22.652
1303.7,625.09,22.653
1300.2,625.09,22.655
1300.2,625.09,22.657
1301.9,624.33,22.658
1307.1,625.09,22.66
1301.9,625.09,22.662
1300.2,624.33,22.663
1300.2,624.33,22.665
1300.2,624.33,22.667
1298.4,625.09,22.668
1294.9,625.09,22.67
1300.2,624.33,22.672
1303.7,625.09,22.673
1301.9,625.09,22.675
1300.2,625.09,22.677
1294.9,625.09,22.678
1301.9,625.09,22.68
1300.2,625.09,22.683
1298.4,624.33,22.684
1300.2,625.09,22.686
1298.4,625.09,22.688
1300.2,624.33,22.689
1300.2,624.33,22.691
1296.7,625.09,22.692
1298.4,624.33,22.694
1298.4,625.09,22.696
1300.2,625.09,22.697
1300.2,625.09,22.699
1300.2,625.09,22.701
1296.7,624.33,22.702
1300.2,625.09,22.704
1298.4,625.09,22.706
1298.4,625.09,22.707
1298.4,625.09,22.709
1296.7,624.33,22.711
1300.2,624.33,22.712
1300.2,624.33,22.714
1300.2,625.09,22.716
1296.7,625.09,22.717
1300.2,625.09,22.719
1301.9,625.09,22.721
1294.9,625.09,22.722
1300.2,625.09,22.724
1300.2,624.33,22.727
1294.9,624.33,22.728
1300.2,624.33,22.73
1301.9,624.33,22.732
1301.9,625.09,22.733
1301.9,624.33,22.735
1300.2,624.33,22.737
1296.7,625.09,22.738
1301.9,625.09,22.74
1300.2,624.33,22.742
1301.9,624.33,22.743
1298.4,625.09,22.745
1301.9,624.33,22.747
1300.2,624.33,22.748
1291.4,624.33,22.75
1300.2,624.33,22.752
1300.2,625.09,22.753
1301.9,624.33,22.755
1298.4,624.33,22.757
1300.2,625.09,22.758
1296.7,625.09,22.76
1301.9,625.09,22.762
1300.2,625.09,22.763
1300.2,625.09,22.765
1296.7,625.09,22.768
1300.2,625.09,22.769
1298.4,624.33,22.771
1301.9,624.33,22.773
1296.7,624.33,22.774
1301.9,625.09,22.776
1300.2,625.09,22.778
1301.9,625.09,22.779
1301.9,625.09,22.781
1300.2,624.33,22.782
1291.4,624.33,22.784
1300.2,624.33,22.786
1301.9,624.33,22.787
1300.2,624.33,22.789
1298.4,624.33,22.791
1303.7,624.33,22.792
1298.4,624.33,22.794
1298.4,625.09,22.796
1301.9,624.33,22.797
1300.2,625.09,22.799
1300.2,625.09,22.801
1298.4,624.33,22.802
1300.2,624.33,22.804
1300.2,624.33,22.806
1296.7,624.33,22.807
1300.2,625.09,22.809
1298.4,624.33,22.812
1303.7,625.09,22.813
1296.7,624.33,22.815
1303.7,625.09,22.817
1298.4,624.33,22.818
1305.4,624.33,22.82
1301.9,624.33,22.822
1300.2,625.09,22.823
1298.4,624.33,22.825
1298.4,624.33,22.827
1296.7,625.09,22.828
1301.9,625.09,22.83
1300.2,625.09,22.832
1300.2,624.33,22.833
1300.2,624.33,22.835
1300.2,624.33,22.837
1298.4,624.33,22.838
1296.7,625.09,22.84
1300.2,624.33,22.842
1300.2,625.09,22.843
1300.2,625.09,22.845
1301.9,625.09,22.847
1300.2,624.33,22.848
1303.7,625.09,22.85
1301.9,625.09,22.852
1298.4,625.09,22.854
1301.9,624.33,22.856
1300.2,625.09,22.858
1305.4,624.33,22.859
1300.2,624.33,22.861
1298.4,624.33,22.863
1300.2,625.09,22.864
1298.4,624.33,22.866
1300.2,624.33,22.867
1298.4,625.09,22.869
1301.9,624.33,22.871
1300.2,625.09,22.872
1300.2,624.33,22.874
1300.2,624.33,22.876
1300.2,624.33,22.877
1300.2,624.33,22.879
1301.9,624.33,22.881
1301.9,624.33,22.882
1300.2,625.09,22.884
1298.4,624.33,22.886
1301.9,625.09,22.887
1301.9,624.33,22.889
1307.1,624.33,22.891
1300.2,625.09,22.892
1296.7,625.09,22.894
1300.2,624.33,22.897
1296.7,624.33,22.898
1300.2,624.33,22.9
1300.2,625.09,22.902
1300.2,624.33,22.903
1300.2,625.09,22.905
1300.2,624.33,22.907
1298.4,624.33,22.908
1298.4,624.33,22.91
1301.9,624.33,22.912
1294.9,624.33,22.913
1296.7,624.33,22.915
1300.2,624.33,22.917
1298.4,625.09,22.918
1301.9,624.33,22.92
1301.9,625.09,22.922
1301.9,625.09,22.923
1294.9,624.33,22.925
1300.2,624.33,22.927
1296.7,625.09,22.928
1300.2,624.33,22.93
1301.9,624.33,22.932
1300.2,624.33,22.933
1300.2,624.33,22.935
1301.9,624.33,22.937
1296.7,624.33,22.939
1301.9,625.09,22.941
1298.4,624.33,22.943
1300.2,624.33,22.944
1300.2,624.33,22.946
1296.7,624.33,22.948
1296.7,624.33,22.949
1298.4,624.33,22.951
1303.7,624.33,22.952
1298.4,624.33,22.954
1300.2,625.09,22.956
1298.4,625.09,22.957
1301.9,624.33,22.959
1300.2,624.33,22.961
1298.4,624.33,22.962
1298.4,625.09,22.964
1294.9,624.33,22.966
1298.4,624.33,22.967
1298.4,624.33,22.969
1300.2,624.33,22.971
1300.2,624.33,22.972
1300.2,624.33,22.974
1300.2,625.09,22.976
1300.2,624.33,22.977
1298.4,624.33,22.979
1301.9,624.33,22.982
1300.2,624.33,22.983
1293.2,624.33,22.985
1300.2,624.33,22.987
1298.4,624.33,22.988
1300.2,624.33,22.99
1296.7,624.33,22.992
1301.9,624.33,22.993
1298.4,625.09,22.995
1298.4,624.33,22.997
1300.2,624.33,22.998
1303.7,624.33,23
1312.4,624.33,23.002
1312.4,624.33,23.003
1310.6,624.33,23.005
1310.6,624.33,23.007
1310.6,624.33,23.008
1310.6,624.33,23.01
1307.1,623.56,23.012
1298.4,624.33,23.013
1298.4,624.33,23.015
1298.4,624.33,23.017
1294.9,623.56,23.018
1298.4,624.33,23.02
1294.9,623.56,23.022
1294.9,624.33,23.024
1300.2,624.33,23.026
1300.2,625.09,23.028
1300.2,625.86,23.029
1301.9,625.86,23.031
1303.7,625.86,23.033
1300.2,626.62,23.034
1301.9,625.86,23.036
1301.9,625.09,23.038
1301.9,624.33,23.039
1300.2,624.33,23.041
1301.9,624.33,23.042
1298.4,624.33,23.044
1300.2,625.09,23.046
1301.9,625.09,23.047
1296.7,625.09,23.049
1301.9,625.09,23.051
1301.9,625.86,23.052
1303.7,625.86,23.054
1301.9,625.86,23.056
1301.9,625.09,23.057
1301.9,624.33,23.059
1300.2,624.33,23.061
1300.2,624.33,23.062
1300.2,624.33,23.064
1294.9,625.09,23.067
1296.7,625.09,23.068
1301.9,625.86,23.07
1305.4,625.09,23.072
1303.7,625.86,23.073
1305.4,625.09,23.075
1300.2,625.09,23.077
1300.2,625.09,23.078
1301.9,624.33,23.08
1300.2,624.33,23.082
1298.4,624.33,23.083
1298.4,624.33,23.085
1301.9,624.33,23.087
1300.2,625.09,23.088
1300.2,625.09,23.09
1303.7,625.09,23.092
1301.9,625.09,23.093
1296.7,625.09,23.095
1301.9,625.09,23.097
1293.2,625.09,23.098
1301.9,624.33,23.1
1308.9,625.09,23.102
1301.9,625.09,23.103
1298.4,625.09,23.105
1300.2,625.09,23.107
1301.9,625.09,23.108
1298.4,625.09,23.111
1301.9,625.09,23.113
1301.9,625.09,23.114
1300.2,625.09,23.116
1308.9,625.09,23.118
1294.9,625.09,23.119
1305.4,625.09,23.121
1300.2,625.09,23.123
1301.9,625.09,23.124
1300.2,624.33,23.126
1300.2,624.33,23.127
1301.9,624.33,23.129
1296.7,625.09,23.131
1300.2,624.33,23.132
1300.2,625.09,23.134
1301.9,625.09,23.136
1300.2,625.09,23.137
1301.9,625.09,23.139
1303.7,624.33,23.141
1298.4,625.09,23.142
1300.2,625.09,23.144
1300.2,624.33,23.146
1296.7,624.33,23.147
1300.2,625.09,23.149
1296.7,624.33,23.152
1300.2,624.33,23.153
1296.7,625.09,23.155
1305.4,625.09,23.157
1301.9,625.09,23.158
1301.9,625.09,23.16
1303.7,624.33,23.162
1298.4,625.09,23.163
1301.9,625.09,23.165
1300.2,625.09,23.167
1300.2,624.33,23.168
1301.9,624.33,23.17
1294.9,624.33,23.172
1296.7,625.09,23.173
1300.2,625.09,23.175
1301.9,625.09,23.177
1305.4,625.09,23.178
1307.1,625.09,23.18
1301.9,625.09,23.182
1298.4,625.09,23.183
1298.4,625.09,23.185
1300.2,624.33,23.187
1301.9,624.33,23.188
1301.9,624.33,23.19
1300.2,625.09,23.192
1307.1,625.09,23.193
1300.2,625.09,23.196
1300.2,625.09,23.198
1305.4,624.33,23.199
1293.2,625.09,23.201
1300.2,624.33,23.203
1300.2,625.09,23.204
1298.4,625.09,23.206
1301.9,624.33,23.208
1300.2,624.33,23.209
1303.7,625.09,23.211
1308.9,625.09,23.213
1300.2,625.09,23.214
1300.2,625.09,23.216
1300.2,625.09,23.217
1300.2,625.09,23.219
1298.4,625.09,23.221
1300.2,625.09,23.222
1303.7,625.09,23.224
1300.2,624.33,23.226
1298.4,625.09,23.227
1300.2,625.09,23.229
1298.4,625.09,23.231
1294.9,624.33,23.232
1300.2,625.09,23.234
1298.4,625.09,23.236
1294.9,625.09,23.238
1303.7,624.33,23.24
1300.2,625.09,23.242
1301.9,624.33,23.243
1301.9,625.09,23.245
1300.2,625.09,23.247
1301.9,625.09,23.248
1300.2,625.09,23.25
1294.9,625.09,23.252
1298.4,624.33,23.253
1301.9,624.33,23.255
1301.9,625.09,23.257
1300.2,625.09,23.258
1300.2,625.09,23.26
1300.2,625.09,23.262
1301.9,624.33,23.263
1301.9,625.09,23.265
1298.4,625.09,23.267
1298.4,625.09,23.268
1298.4,624.33,23.27
1300.2,624.33,23.272
1300.2,624.33,23.273
1298.4,625.09,23.275
1301.9,624.33,23.277
1300.2,625.09,23.278
1307.1,625.09,23.281
1296.7,624.33,23.283
1300.2,625.09,23.284
1298.4,624.33,23.286
1296.7,624.33,23.288
1301.9,624.33,23.289
1291.4,624.33,23.291
1298.4,625.09,23.293
1301.9,625.09,23.294
1300.2,625.09,23.296
1300.2,624.33,23.298
1301.9,624.33,23.299
1301.9,624.33,23.301
1300.2,625.09,23.302
1294.9,625.09,23.304
1298.4,624.33,23.306
1300.2,624.33,23.307
1303.7,624.33,23.309
1301.9,624.33,23.311
1296.7,624.33,23.312
1300.2,624.33,23.314
1301.9,624.33,23.316
1301.9,625.09,23.317
1298.4,625.09,23.319
1298.4,624.33,23.321
1301.9,625.09,23.323
1300.2,624.33,23.325
1298.4,624.33,23.327
1300.2,624.33,23.328
1303.7,624.33,23.33
1296.7,624.33,23.332
1296.7,624.33,23.333
1300.2,625.09,23.335
1296.7,624.33,23.337
1300.2,624.33,23.338
1298.4,625.09,23.34
1300.2,624.33,23.342
1300.2,624.33,23.343
1300.2,624.33,23.345
1298.4,624.33,23.347
1298.4,624.33,23.348
1300.2,624.33,23.35
1298.4,624.33,23.352
1301.9,625.09,23.353
1300.2,624.33,23.355
1301.9,625.09,23.357
1301.9,625.09,23.358
1300.2,625.09,23.36
1298.4,625.09,23.362
1298.4,624.33,23.363
1303.7,624.33,23.366
1298.4,624.33,23.368
1300.2,625.09,23.369
1296.7,625.09,23.371
1298.4,624.33,23.373
1298.4,624.33,23.374
1300.2,624.33,23.376
1300.2,624.33,23.378
1301.9,624.33,23.379
1298.4,625.09,23.381
1298.4,624.33,23.383
1300.2,625.09,23.384
1296.7,624.33,23.386
1300.2,625.09,23.387
1300.2,624.33,23.389
1300.2,625.09,23.391
1296.7,625.09,23.392
1301.9,624.33,23.394
1298.4,625.09,23.396
1301.9,624.33,23.397
1303.7,624.33,23.399
1298.4,624.33,23.401
1298.4,625.09,23.402
1298.4,624.33,23.404
1298.4,624.33,23.406
1301.9,625.09,23.408
1296.7,625.09,23.41
1300.2,625.09,23.412
1300.2,624.33,23.413
1293.2,624.33,23.415
1300.2,625.09,23.417
1298.4,624.33,23.418
1300.2,624.33,23.42
1301.9,625.09,23.422
1300.2,624.33,23.423
1301.9,624.33,23.425
1298.4,625.09,23.427
1301.9,625.09,23.428
1298.4,624.33,23.43
1301.9,625.09,23.432
1298.4,624.33,23.433
1296.7,624.33,23.435
1300.2,624.33,23.437
1296.7,625.09,23.438
1301.9,624.33,23.44
1300.2,625.09,23.442
1300.2,624.33,23.443
1300.2,624.33,23.445
1301.9,624.33,23.447
1301.9,625.09,23.448
1298.4,624.33,23.451
1300.2,624.33,23.453
1298.4,624.33,23.454
1298.4,625.09,23.456
1301.9,624.33,23.458
1300.2,624.33,23.459
1298.4,624.33,23.461
1298.4,624.33,23.463
1300.2,625.09,23.464
1300.2,624.33,23.466
1305.4,624.33,23.468
1303.7,624.33,23.469
1291.4,624.33,23.471
1305.4,624.33,23.473
1303.7,624.33,23.474
1300.2,624.33,23.476
1308.9,624.33,23.477
1300.2,624.33,23.479
1296.7,625.09,23.481
1300.2,624.33,23.482
1298.4,625.09,23.484
1300.2,624.33,23.486
1296.7,624.33,23.487
1298.4,624.33,23.489
1298.4,624.33,23.491
1300.2,624.33,23.492
1300.2,624.33,23.495
1298.4,624.33,23.497
1301.9,624.33,23.498
1301.9,625.09,23.5
1310.6,624.33,23.502
1307.1,625.09,23.503
1310.6,624.33,23.505
1310.6,624.33,23.507
1310.6,624.33,23.508
1310.6,624.33,23.51
1308.9,624.33,23.512
1300.2,624.33,23.513
1300.2,624.33,23.515
1293.2,623.56,23.517
1298.4,623.56,23.518
1298.4,624.33,23.52
1300.2,623.56,23.522
1298.4,624.33,23.523
1298.4,624.33,23.525
1308.9,625.09,23.527
1296.7,625.86,23.528
1303.7,625.86,23.53
1303.7,625.86,23.532
1303.7,625.86,23.533
1300.2,625.86,23.536
1301.9,625.09,23.538
1303.7,624.33,23.539
1296.7,624.33,23.541
1300.2,624.33,23.543
1300.2,624.33,23.544
1300.2,625.09,23.546
1300.2,625.09,23.548
1300.2,625.09,23.549
1300.2,625.86,23.551
1301.9,625.86,23.553
1301.9,625.86,23.554
1298.4,625.86,23.556
1301.9,625.09,23.558
1298.4,625.09,23.559
1296.7,624.33,23.561
1298.4,624.33,23.562
1298.4,624.33,23.564
1298.4,624.33,23.566
1300.2,625.09,23.567
1301.9,625.09,23.569
1300.2,625.09,23.571
1300.2,625.86,23.572
1293.2,625.09,23.574
1301.9,625.86,23.576
1301.9,625.09,23.577
1300.2,625.09,23.58
1300.2,624.33,23.582
1300.2,624.33,23.583
1298.4,624.33,23.585
1300.2,624.33,23.587
1296.7,625.09,23.588
1301.9,625.09,23.59
1300.2,625.09,23.592
1301.9,625.86,23.593
1298.4,625.09,23.595
1301.9,625.09,23.597
1298.4,625.09,23.598
1298.4,624.33,23.6
1300.2,625.09,23.602
1294.9,624.33,23.603
1300.2,625.09,23.605
1301.9,624.33,23.607
1300.2,625.09,23.608
1301.9,625.09,23.61
1300.2,625.09,23.612
1300.2,625.09,23.613
1298.4,625.09,23.615
1300.2,625.09,23.617
1300.2,625.09,23.618
1296.7,625.09,23.62
1303.7,625.09,23.623
1301.9,624.33,23.624
1300.2,625.09,23.626
1298.4,624.33,23.628
1294.9,625.09,23.629
1300.2,625.09,23.631
1301.9,625.09,23.633
1308.9,625.09,23.634
1300.2,625.09,23.636
1301.9,625.09,23.638
1296.7,625.09,23.639
1301.9,625.09,23.641
1294.9,625.09,23.643
1300.2,625.09,23.644
1303.7,625.09,23.646
1307.1,624.33,23.648
1300.2,625.09,23.649
1307.1,625.09,23.651
1298.4,625.09,23.652
1300.2,625.09,23.654
1300.2,625.09,23.656
1303.7,625.09,23.657
1300.2,625.09,23.659
1301.9,625.09,23.661
1301.9,625.09,23.662
1301.9,625.09,23.665
1300.2,625.09,23.667
1298.4,625.09,23.668
1296.7,625.09,23.67
1294.9,625.09,23.672
1307.1,625.09,23.673
1298.4,624.33,23.675
1300.2,625.09,23.677
1301.9,625.09,23.678
1301.9,625.09,23.68
1301.9,625.09,23.682
1300.2,625.09,23.683
1300.2,624.33,23.685
1301.9,625.09,23.687
1298.4,624.33,23.688
1303.7,624.33,23.69
1300.2,624.33,23.692
1300.2,625.09,23.693
1301.9,625.09,23.695
1301.9,625.09,23.697
1300.2,625.09,23.698
1300.2,625.09,23.7
1300.2,625.09,23.702
1300.2,625.09,23.703
1301.9,625.09,23.705
1303.7,624.33,23.708
1303.7,625.09,23.709
1300.2,624.33,23.711
1298.4,625.09,23.713
1301.9,624.33,23.714
1298.4,625.09,23.716
1298.4,625.09,23.718
1298.4,624.33,23.719
1298.4,625.09,23.721
1300.2,625.09,23.723
1300.2,625.09,23.724
1298.4,625.09,23.726
1305.4,625.09,23.728
1300.2,625.09,23.729
1298.4,624.33,23.731
1300.2,624.33,23.733
1298.4,625.09,23.734
1301.9,624.33,23.736
1300.2,624.33,23.737
1300.2,625.86,23.739
1300.2,624.33,23.741
1298.4,625.09,23.742
1300.2,624.33,23.744
1298.4,625.09,23.746
1293.2,624.33,23.747
1298.4,624.33,23.75
1298.4,625.09,23.752
1300.2,625.09,23.753
1300.2,625.09,23.755
1301.9,625.09,23.757
1307.1,625.09,23.758
1298.4,625.09,23.76
1301.9,625.09,23.762
1300.2,624.33,23.763
1300.2,625.09,23.765
1300.2,624.33,23.767
1300.2,624.33,23.768
1296.7,625.09,23.77
1298.4,624.33,23.772
1301.9,624.33,23.773
1300.2,625.09,23.775
1300.2,625.09,23.777
1300.2,624.33,23.778
1298.4,625.09,23.78
1300.2,625.09,23.782
1301.9,625.09,23.783
1301.9,625.09,23.785
1298.4,625.09,23.787
1301.9,625.09,23.788
1303.7,624.33,23.79
1300.2,625.09,23.793
1298.4,625.09,23.794
1296.7,625.09,23.796
1300.2,625.09,23.798
1298.4,625.09,23.799
1300.2,625.09,23.801
1294.9,625.09,23.803
1300.2,624.33,23.804
1301.9,625.09,23.806
1300.2,625.09,23.808
1296.7,625.86,23.809
1300.2,625.09,23.811
1300.2,625.09,23.813
1300.2,624.33,23.814
1300.2,625.09,23.816
1301.9,624.33,23.818
1300.2,625.09,23.819
1298.4,625.09,23.821
1298.4,625.09,23.822
1300.2,625.09,23.824
1298.4,625.09,23.826
1301.9,625.09,23.827
1300.2,625.09,23.829
1298.4,625.09,23.831
1298.4,624.33,23.832
1300.2,624.33,23.835
1296.7,624.33,23.837
1301.9,625.09,23.838
1300.2,624.33,23.84
1298.4,625.09,23.842
1301.9,625.09,23.843
1300.2,625.09,23.845
1298.4,625.09,23.847
1300.2,625.09,23.848
1298.4,624.33,23.85
1291.4,624.33,23.852
1300.2,625.09,23.853
1300.2,625.09,23.855
1298.4,625.09,23.857
1301.9,624.33,23.858
1300.2,625.09,23.86
1300.2,625.09,23.862
1296.7,625.09,23.863
1298.4,625.09,23.865
1300.2,625.09,23.867
1300.2,625.09,23.868
1300.2,624.33,23.87
1298.4,624.33,23.872
1300.2,625.09,23.873
1301.9,625.09,23.875
1298.4,625.09,23.878
1301.9,625.09,23.879
1301.9,625.09,23.881
1303.7,625.09,23.883
1300.2,625.09,23.884
1305.4,624.33,23.886
1300.2,624.33,23.888
1298.4,625.09,23.889
1301.9,624.33,23.891
1294.9,624.33,23.893
1300.2,625.09,23.894
1301.9,625.09,23.896
1300.2,625.09,23.898
1298.4,625.09,23.899
1300.2,625.09,23.901
1298.4,625.09,23.903
1298.4,624.33,23.904
1303.7,624.33,23.906
1300.2,624.33,23.908
1300.2,625.09,23.909
1298.4,624.33,23.911
1300.2,625.09,23.912
1300.2,625.09,23.914
1301.9,624.33,23.916
1300.2,624.33,23.917
1298.4,625.09,23.92
1300.2,624.33,23.922
1300.2,624.33,23.923
1300.2,624.33,23.925
1293.2,625.09,23.927
1300.2,624.33,23.928
1300.2,625.09,23.93
1298.4,625.09,23.932
1300.2,624.33,23.933
1300.2,625.09,23.935
1298.4,625.09,23.937
1294.9,624.33,23.938
1300.2,624.33,23.94
1300.2,624.33,23.942
1298.4,624.33,23.943
1300.2,624.33,23.945
1300.2,624.33,23.947
1300.2,624.33,23.948
1293.2,625.09,23.95
1298.4,625.09,23.952
1300.2,624.33,23.953
1298.4,625.09,23.955
1298.4,624.33,23.957
1307.1,624.33,23.958
1298.4,625.09,23.96
1301.9,624.33,23.963
1293.2,624.33,23.964
1301.9,625.09,23.966
1300.2,624.33,23.968
1298.4,625.09,23.969
1298.4,624.33,23.971
1298.4,625.09,23.973
1301.9,624.33,23.974
1300.2,625.09,23.976
1298.4,624.33,23.978
1298.4,624.33,23.979
1300.2,624.33,23.981
1300.2,625.09,23.983
1298.4,624.33,23.984
1301.9,625.09,23.986
1301.9,625.09,23.988
1298.4,625.09,23.989
1300.2,624.33,23.991
1291.4,624.33,23.993
1300.2,624.33,23.994
1300.2,624.33,23.996
1296.7,625.09,23.997
1298.4,624.33,23.999
1303.7,624.33,24.001
1310.6,625.09,24.002
1308.9,625.09,24.004
1310.6,625.09,24.007
1310.6,625.09,24.008
1308.9,624.33,24.01
1307.1,624.33,24.012
1300.2,624.33,24.013
1301.9,624.33,24.015
1298.4,624.33,24.017
1298.4,624.33,24.018
1296.7,624.33,24.02
1296.7,624.33,24.022
1298.4,624.33,24.023
1298.4,624.33,24.025
1301.9,625.09,24.027
1300.2,625.09,24.028
1301.9,625.86,24.03
1301.9,625.86,24.032
1298.4,625.86,24.033
1296.7,625.09,24.035
1300.2,625.09,24.037
1300.2,625.09,24.038
1298.4,624.33,24.04
1300.2,624.33,24.042
1296.7,624.33,24.043
1298.4,624.33,24.045
1298.4,624.33,24.048
1300.2,625.09,24.049
1298.4,625.09,24.051
1301.9,625.09,24.053
1293.2,625.09,24.054
1301.9,625.09,24.056
1301.9,625.09,24.058
1301.9,625.09,24.059
1298.4,624.33,24.061
1301.9,624.33,24.063
1301.9,624.33,24.064
1298.4,624.33,24.066
1296.7,625.09,24.068
1293.2,625.09,24.069
1300.2,625.86,24.071
1301.9,625.86,24.073
1301.9,625.86,24.074
1300.2,625.09,24.076
1300.2,625.09,24.078
1300.2,625.09,24.079
1300.2,625.09,24.081
1298.4,624.33,24.083
1289.7,624.33,24.084
1298.4,624.33,24.086
1303.7,624.33,24.087
1298.4,625.09,24.089
1300.2,625.09,24.092
1303.7,625.09,24.093
1298.4,625.09,24.095
1296.7,625.09,24.097
1300.2,625.09,24.098
1298.4,625.09,24.1
1300.2,625.09,24.102
1300.2,625.09,24.103
1300.2,624.33,24.105
1298.4,625.09,24.107
1300.2,624.33,24.108
1300.2,625.09,24.11
1296.7,625.09,24.112
1298.4,625.09,24.113
1300.2,625.09,24.115
1300.2,625.09,24.117
1301.9,625.09,24.118
1301.9,624.33,24.12
1300.2,624.33,24.122
1298.4,624.33,24.123
1303.7,624.33,24.125
1303.7,624.33,24.127
1300.2,625.09,24.128
1298.4,625.09,24.13
1300.2,625.09,24.132
1298.4,625.09,24.134
1305.4,625.09,24.136
1298.4,625.86,24.138
1301.9,625.09,24.139
1300.2,625.09,24.141
1300.2,625.09,24.143
1298.4,624.33,24.144
1307.1,624.33,24.146
1300.2,625.09,24.148
1298.4,625.09,24.149
1300.2,625.09,24.151
1298.4,625.09,24.153
1301.9,625.09,24.154
1300.2,625.09,24.156
1301.9,625.09,24.158
1300.2,625.09,24.159
1301.9,625.09,24.161
1301.9,625.09,24.163
1298.4,624.33,24.164
1300.2,624.33,24.166
1303.7,624.33,24.168
1300.2,625.09,24.169
1300.2,624.33,24.171
1300.2,625.09,24.172
1303.7,625.09,24.174
1300.2,625.09,24.177
1298.4,624.33,24.178
1300.2,625.09,24.18
1301.9,625.09,24.182
1301.9,625.09,24.183
1300.2,625.09,24.185
1300.2,624.33,24.187
1300.2,624.33,24.188
1300.2,625.09,24.19
1296.7,624.33,24.192
1298.4,624.33,24.193
1301.9,624.33,24.195
1300.2,624.33,24.197
1300.2,624.33,24.198
1300.2,625.09,24.2
1300.2,625.09,24.202
1300.2,624.33,24.203
1300.2,625.09,24.205
1303.7,625.09,24.207
1298.4,625.09,24.208
1301.9,625.09,24.21
1298.4,624.33,24.212
1300.2,625.09,24.213
1300.2,624.33,24.215
1300.2,625.09,24.217
1300.2,625.09,24.219
1300.2,625.09,24.221
1301.9,625.09,24.223
1294.9,624.33,24.224
1307.1,625.09,24.226
1300.2,625.09,24.228
1294.9,624.33,24.229
1298.4,624.33,24.231
1298.4,624.33,24.233
1296.7,624.33,24.234
1294.9,625.09,24.236
1298.4,625.09,24.238
1300.2,625.09,24.239
1305.4,625.09,24.241
1298.4,625.09,24.243
1305.4,625.09,24.244
1298.4,625.09,24.246
1300.2,624.33,24.248
1300.2,624.33,24.249
1296.7,624.33,24.251
1300.2,624.33,24.253
1296.7,625.09,24.254
1300.2,624.33,24.256
1300.2,625.09,24.257
1300.2,625.09,24.259
1301.9,625.09,24.262
1298.4,624.33,24.263
1298.4,625.09,24.265
1301.9,624.33,24.267
1298.4,624.33,24.268
1300.2,624.33,24.27
1300.2,625.09,24.272
1305.4,625.09,24.273
1300.2,625.09,24.275
1298.4,625.09,24.277
1301.9,625.09,24.278
1296.7,625.09,24.28
1301.9,625.09,24.282
1298.4,625.09,24.283
1300.2,624.33,24.285
1300.2,625.09,24.287
1298.4,624.33,24.288
1301.9,624.33,24.29
1298.4,625.09,24.292
1301.9,625.09,24.293
1301.9,625.09,24.295
1298.4,625.09,24.297
1298.4,624.33,24.298
1308.9,625.09,24.3
1300.2,625.09,24.302
1300.2,624.33,24.304
1300.2,624.33,24.306
1300.2,624.33,24.308
1301.9,624.33,24.309
1298.4,624.33,24.311
1300.2,624.33,24.313
1301.9,625.09,24.314
1296.7,625.09,24.316
1298.4,625.09,24.318
1298.4,625.09,24.319
1291.4,625.09,24.321
1303.7,624.33,24.323
1305.4,624.33,24.324
1300.2,625.86,24.326
1300.2,625.09,24.328
1308.9,625.09,24.329
1300.2,624.33,24.331
1300.2,624.33,24.333
1300.2,624.33,24.334
1298.4,624.33,24.336
1296.7,625.09,24.338
1300.2,624.33,24.339
1300.2,624.33,24.341
1300.2,625.09,24.343
1300.2,625.09,24.344
1301.9,625.09,24.347
1298.4,625.09,24.348
1300.2,625.09,24.35
1301.9,625.09,24.352
1300.2,624.33,24.353
1301.9,624.33,24.355
1296.7,624.33,24.357
1301.9,624.33,24.358
1300.2,624.33,24.36
1300.2,625.09,24.362
1303.7,624.33,24.363
1301.9,625.09,24.365
1298.4,625.09,24.367
1300.2,624.33,24.368
1294.9,624.33,24.37
1294.9,625.09,24.372
1300.2,625.09,24.373
1301.9,624.33,24.375
1298.4,624.33,24.377
1300.2,624.33,24.378
1300.2,625.09,24.38
1298.4,624.33,24.382
1300.2,625.09,24.383
1301.9,625.09,24.385
1298.4,624.33,24.387
1298.4,624.33,24.388
1298.4,624.33,24.391
1300.2,624.33,24.393
1294.9,624.33,24.394
1298.4,624.33,24.396
1298.4,624.33,24.398
1300.2,624.33,24.399
1298.4,625.09,24.401
1296.7,625.09,24.403
1300.2,624.33,24.404
1298.4,624.33,24.406
1298.4,624.33,24.408
1301.9,624.33,24.409
1298.4,624.33,24.411
1296.7,624.33,24.413
1298.4,624.33,24.414
1300.2,624.33,24.416
1300.2,625.09,24.418
1298.4,624.33,24.419
1300.2,624.33,24.421
1298.4,624.33,24.423
1301.9,624.33,24.424
1298.4,624.33,24.426
1298.4,625.09,24.428
1298.4,624.33,24.429
1300.2,624.33,24.432
1300.2,625.09,24.433
1300.2,625.09,24.435
1298.4,624.33,24.437
1300.2,625.09,24.438
1300.2,624.33,24.44
1300.2,625.09,24.442
1298.4,625.09,24.443
1300.2,624.33,24.445
1293.2,624.33,24.447
1298.4,624.33,24.448
1301.9,624.33,24.45
1300.2,624.33,24.452
1298.4,624.33,24.453
1298.4,624.33,24.455
1298.4,624.33,24.457
1300.2,625.09,24.458
1298.4,625.09,24.46
1301.9,624.33,24.462
1298.4,625.09,24.463
1291.4,624.33,24.465
1300.2,624.33,24.467
1298.4,624.33,24.468
1298.4,624.33,24.47
1298.4,624.33,24.472
1298.4,624.33,24.473
1300.2,625.09,24.476
1298.4,625.09,24.478
1305.4,624.33,24.479
1296.7,625.09,24.481
1300.2,624.33,24.483
1305.4,625.09,24.484
1305.4,625.09,24.486
1296.7,624.33,24.488
1296.7,624.33,24.489
1301.9,625.09,24.491
1300.2,625.09,24.493
1298.4,624.33,24.494
1305.4,625.09,24.496
1298.4,624.33,24.498
1293.2,624.33,24.499
1301.9,624.33,24.501
1315.9,624.33,24.503
1308.9,624.33,24.504
1308.9,624.33,24.506
1310.6,624.33,24.508
1310.6,624.33,24.509
1308.9,624.33,24.511
1298.4,624.33,24.513
1298.4,625.09,24.514
1298.4,624.33,24.516
1296.7,624.33,24.519
1294.9,623.56,24.52
1294.9,624.33,24.522
1298.4,624.33,24.523
1300.2,624.33,24.525
1298.4,625.09,24.527
1301.9,625.09,24.528
1294.9,625.86,24.53
1310.6,625.86,24.532
1303.7,625.86,24.533
1298.4,625.09,24.535
1305.4,625.09,24.537
1298.4,625.09,24.538
1300.2,624.33,24.54
1298.4,624.33,24.542
1298.4,624.33,24.543
1298.4,624.33,24.545
1300.2,625.09,24.547
1300.2,625.09,24.548
1301.9,625.09,24.55
1307.1,625.09,24.552
1301.9,625.86,24.553
1300.2,625.09,24.555
1301.9,625.09,24.557
1300.2,624.33,24.558
1296.7,624.33,24.561
1298.4,624.33,24.563
1298.4,624.33,24.564
1300.2,624.33,24.566
1291.4,625.09,24.568
1298.4,625.09,24.569
1305.4,625.09,24.571
1300.2,625.09,24.573
1298.4,625.09,24.574
1307.1,625.09,24.576
1296.7,625.09,24.578
1298.4,624.33,24.579
1301.9,624.33,24.581
1300.2,625.09,24.583
1298.4,625.09,24.584
1298.4,625.09,24.586
1296.7,625.09,24.588
1298.4,624.33,24.589
1298.4,625.09,24.591
1298.4,625.09,24.593
1300.2,625.09,24.594
1298.4,625.09,24.596
1300.2,625.09,24.598
1300.2,625.09,24.599
1298.4,625.09,24.601
1300.2,625.09,24.604
1301.9,625.09,24.605
1298.4,624.33,24.607
1296.7,624.33,24.608
1298.4,625.09,24.61
1303.7,625.09,24.612
1298.4,625.09,24.613
1301.9,625.09,24.615
1300.2,625.09,24.617
1300.2,625.09,24.618
1298.4,625.09,24.62
1298.4,625.09,24.622
1300.2,624.33,24.623
1298.4,625.09,24.625
1298.4,624.33,24.627
1298.4,624.33,24.628
1300.2,624.33,24.63
1298.4,625.09,24.632
1300.2,625.09,24.633
1298.4,625.09,24.635
1291.4,625.09,24.637
1300.2,625.09,24.638
1300.2,625.09,24.64
1300.2,625.09,24.642
1300.2,625.09,24.643
1296.7,625.09,24.646
1296.7,624.33,24.648
1293.2,625.09,24.649
1300.2,625.09,24.651
1296.7,625.09,24.653
1300.2,625.09,24.654
1298.4,625.09,24.656
1300.2,625.09,24.658
1301.9,625.09,24.659
1298.4,625.09,24.661
1296.7,624.33,24.663
1296.7,624.33,24.664
1294.9,624.33,24.666
1298.4,624.33,24.668
1300.2,625.09,24.669
1300.2,624.33,24.671
1298.4,625.09,24.673
1298.4,625.09,24.674
1300.2,624.33,24.676
1296.7,625.09,24.678
1300.2,624.33,24.679
1301.9,625.09,24.681
1300.2,625.09,24.683
1300.2,624.33,24.684
1296.7,625.09,24.686
1300.2,624.33,24.689
1300.2,625.09,24.69
1301.9,624.33,24.692
1300.2,625.09,24.693
1300.2,625.09,24.695
1305.4,625.09,24.697
1301.9,625.09,24.698
1301.9,625.09,24.7
1294.9,624.33,24.702
1307.1,624.33,24.703
1305.4,624.33,24.705
1294.9,624.33,24.707
1301.9,625.09,24.708
1300.2,625.09,24.71
1300.2,624.33,24.712
1300.2,625.09,24.713
1300.2,624.33,24.715
1300.2,625.09,24.717
1298.4,625.09,24.718
1300.2,625.09,24.72
1300.2,625.09,24.722
1296.7,625.09,24.723
1301.9,625.09,24.725
1298.4,624.33,24.727
1301.9,624.33,24.728
1303.7,625.09,24.731
1298.4,624.33,24.733
1300.2,624.33,24.734
1298.4,625.09,24.736
1298.4,625.09,24.738
1300.2,625.09,24.739
1301.9,625.09,24.741
1300.2,624.33,24.743
1298.4,624.33,24.744
1300.2,624.33,24.746
1298.4,625.09,24.748
1300.2,624.33,24.749
1300.2,624.33,24.751
1300.2,624.33,24.753
1298.4,624.33,24.754
1307.1,625.09,24.756
1300.2,625.09,24.758
1300.2,624.33,24.759
1303.7,624.33,24.761
1298.4,625.09,24.763
1301.9,625.09,24.764
1300.2,625.09,24.766
1300.2,625.09,24.768
1308.9,624.33,24.769
1298.4,625.09,24.771
1300.2,625.09,24.774
1301.9,624.33,24.775
1301.9,624.33,24.777
1300.2,624.33,24.779
1298.4,624.33,24.78
1300.2,625.09,24.782
1300.2,624.33,24.783
1300.2,625.09,24.785
1307.1,625.09,24.787
1298.4,625.09,24.788
1301.9,624.33,24.79
1300.2,624.33,24.792
1298.4,624.33,24.793
1296.7,625.09,24.795
1301.9,624.33,24.797
1300.2,624.33,24.798
1301.9,624.33,24.8
1294.9,624.33,24.802
1298.4,624.33,24.803
1294.9,624.33,24.805
1301.9,624.33,24.807
1300.2,625.09,24.808
1310.6,624.33,24.81
1301.9,625.09,24.812
1301.9,624.33,24.813
1301.9,624.33,24.816
1300.2,624.33,24.818
1301.9,625.09,24.819
1300.2,624.33,24.821
1296.7,625.09,24.823
1298.4,625.09,24.824
1300.2,625.09,24.826
1298.4,625.09,24.828
1296.7,624.33,24.829
1303.7,625.09,24.831
1298.4,625.09,24.833
1300.2,624.33,24.834
1298.4,624.33,24.836
1300.2,625.09,24.838
1300.2,625.09,24.839
1300.2,624.33,24.841
1298.4,625.09,24.843
1300.2,624.33,24.844
1300.2,624.33,24.846
1301.9,624.33,24.848
1298.4,624.33,24.849
1300.2,625.09,24.851
1298.4,625.09,24.853
1300.2,625.09,24.854
1300.2,625.09,24.856
1293.2,625.09,24.859
1300.2,624.33,24.86
1296.7,624.33,24.862
1300.2,624.33,24.864
1301.9,624.33,24.865
1298.4,625.09,24.867
1300.2,624.33,24.868
1296.7,624.33,24.87
1300.2,624.33,24.872
1300.2,625.09,24.873
1301.9,624.33,24.875
1301.9,625.09,24.877
1300.2,625.09,24.878
1303.7,625.09,24.88
1300.2,624.33,24.882
1298.4,624.33,24.883
1301.9,625.09,24.885
1300.2,625.09,24.887
1301.9,624.33,24.888
1300.2,625.09,24.89
1301.9,624.33,24.892
1301.9,624.33,24.893
1300.2,625.09,24.895
1296.7,624.33,24.897
1300.2,625.09,24.898
1301.9,624.33,24.9
1300.2,624.33,24.903
1300.2,625.09,24.904
1294.9,624.33,24.906
1300.2,624.33,24.908
1301.9,624.33,24.909
1298.4,624.33,24.911
1300.2,625.09,24.913
1296.7,624.33,24.914
1294.9,624.33,24.916
1293.2,624.33,24.918
1300.2,625.09,24.919
1298.4,624.33,24.921
1293.2,624.33,24.923
1300.2,624.33,24.924
1300.2,625.09,24.926
1300.2,625.09,24.928
1301.9,624.33,24.929
1300.2,624.33,24.931
1293.2,624.33,24.933
1300.2,624.33,24.934
1298.4,624.33,24.936
1301.9,624.33,24.938
1300.2,624.33,24.939
1291.4,624.33,24.941
1300.2,625.09,24.944
1300.2,625.09,24.945
1298.4,624.33,24.947
1298.4,625.09,24.949
1300.2,624.33,24.95
1298.4,624.33,24.952
1296.7,624.33,24.954
1293.2,624.33,24.955
1298.4,624.33,24.957
1301.9,624.33,24.958
1300.2,624.33,24.96
1300.2,624.33,24.962
1300.2,624.33,24.963
1300.2,625.09,24.965
1300.2,625.09,24.967
1298.4,624.33,24.968
1300.2,624.33,24.97
1296.7,624.33,24.972
1300.2,624.33,24.973
1301.9,625.09,24.975
1294.9,624.33,24.977
1303.7,624.33,24.978
1300.2,624.33,24.98
1300.2,625.09,24.982
1300.2,624.33,24.983
1298.4,624.33,24.985
1300.2,624.33,24.988
1300.2,624.33,24.989
1298.4,624.33,24.991
1293.2,624.33,24.993
1300.2,624.33,24.994
1301.9,625.09,24.996
1296.7,624.33,24.998
1298.4,624.33,24.999
1300.2,624.33,25.001
1310.6,624.33,25.003
1310.6,624.33,25.004
1307.1,624.33,25.006
1310.6,624.33,25.008
1310.6,624.33,25.009
1310.6,624.33,25.011
1296.7,624.33,25.013
1294.9,624.33,25.014
1298.4,624.33,25.016
1298.4,623.56,25.018
1303.7,623.56,25.019
1298.4,624.33,25.021
1298.4,624.33,25.023
1294.9,624.33,25.024
1300.2,624.33,25.026
1296.7,625.09,25.028
1301.9,625.86,25.03
1301.9,625.09,25.032
1300.2,625.09,25.034
1305.4,625.09,25.035
1300.2,625.09,25.037
1300.2,624.33,25.039
1298.4,624.33,25.04
1298.4,624.33,25.042
1298.4,624.33,25.043
1298.4,624.33,25.045
1296.7,625.09,25.047
1296.7,625.09,25.048
1298.4,625.09,25.05
1301.9,625.86,25.052
1300.2,625.09,25.053
1300.2,625.09,25.055
1301.9,625.09,25.057
1301.9,625.09,25.058
1298.4,624.33,25.06
1296.7,624.33,25.062
1307.1,624.33,25.063
1300.2,624.33,25.065
1303.7,624.33,25.067
1308.9,625.09,25.068
1301.9,625.09,25.07
1301.9,625.09,25.073
1300.2,625.09,25.074
1305.4,625.09,25.076
1305.4,625.09,25.078
1300.2,625.09,25.079
1300.2,624.33,25.081
1300.2,624.33,25.083
1303.7,624.33,25.084
1296.7,624.33,25.086
1300.2,625.09,25.088
1303.7,624.33,25.089
1298.4,625.09,25.091
1298.4,625.09,25.093
1301.9,625.09,25.094
1301.9,625.86,25.096
1300.2,625.09,25.098
1301.9,625.09,25.099
1300.2,625.09,25.101
1300.2,624.33,25.103
1300.2,624.33,25.104
1296.7,625.09,25.106
1298.4,625.09,25.108
1301.9,624.33,25.109
1300.2,625.09,25.111
1300.2,625.09,25.113
1298.4,625.09,25.115
1301.9,625.09,25.117
1303.7,625.09,25.119
1298.4,624.33,25.12
1298.4,625.09,25.122
1305.4,625.09,25.124
1296.7,625.09,25.125
1301.9,624.33,25.127
1307.1,624.33,25.128
1296.7,624.33,25.13
1300.2,625.09,25.132
1305.4,625.09,25.133
1298.4,625.09,25.135
1301.9,625.09,25.137
1296.7,625.09,25.138
1307.1,625.09,25.14
1301.9,625.09,25.142
1296.7,625.09,25.143
1298.4,624.33,25.145
1300.2,625.09,25.147
1300.2,624.33,25.148
1296.7,624.33,25.15
1298.4,624.33,25.152
1301.9,625.09,25.153
1293.2,625.09,25.155
1298.4,624.33,25.158
1301.9,625.09,25.159
1300.2,625.09,25.161
1300.2,625.09,25.163
1300.2,624.33,25.164
1298.4,625.09,25.166
1300.2,624.33,25.168
1305.4,625.09,25.169
1298.4,625.09,25.171
1303.7,624.33,25.173
1296.7,625.09,25.174
1300.2,625.09,25.176
1300.2,625.09,25.178
1300.2,625.09,25.179
1300.2,625.09,25.181
1305.4,625.09,25.183
1298.4,625.09,25.184
1291.4,625.09,25.186
1300.2,624.33,25.188
1300.2,624.33,25.189
1300.2,624.33,25.191
1301.9,625.09,25.193
1298.4,625.09,25.194
1301.9,625.09,25.196
1298.4,624.33,25.198
1301.9,625.09,25.2
1300.2,625.09,25.202
1296.7,625.09,25.204
1300.2,624.33,25.205
1298.4,624.33,25.207
1298.4,625.09,25.209
1294.9,624.33,25.21
1296.7,624.33,25.212
1300.2,625.09,25.214
1301.9,625.09,25.215
1300.2,624.33,25.217
1298.4,625.09,25.218
1296.7,624.33,25.22
1300.2,625.09,25.222
1298.4,625.09,25.223
1298.4,625.09,25.225
1291.4,625.09,25.227
1298.4,624.33,25.228
1296.7,625.09,25.23
1300.2,625.09,25.232
1298.4,625.09,25.233
1298.4,624.33,25.235
1298.4,625.09,25.237
1294.9,625.09,25.238
1298.4,624.33,25.24
1298.4,625.09,25.243
1298.4,625.09,25.244
1298.4,625.09,25.246
1298.4,624.33,25.248
1298.4,624.33,25.249
1300.2,624.33,25.251
1298.4,625.09,25.253
1296.7,625.09,25.254
1298.4,624.33,25.256
1298.4,624.33,25.258
1300.2,624.33,25.259
1301.9,625.09,25.261
1298.4,624.33,25.263
1298.4,624.33,25.264
1300.2,624.33,25.266
1300.2,624.33,25.268
1298.4,624.33,25.269
1298.4,625.09,25.271
1293.2,625.09,25.273
1300.2,625.09,25.274
1296.7,625.09,25.276
1303.7,624.33,25.278
1298.4,624.33,25.279
1300.2,624.33,25.281
1300.2,624.33,25.283
1300.2,624.33,25.284
1305.4,625.09,25.287
1300.2,625.09,25.289
1300.2,625.09,25.29
1298.4,625.09,25.292
1301.9,624.33,25.294
1301.9,625.09,25.295
1298.4,624.33,25.297
1294.9,625.09,25.299
1300.2,624.33,25.3
1300.2,625.09,25.302
1298.4,624.33,25.303
1308.9,625.09,25.305
1301.9,624.33,25.307
1294.9,625.09,25.308
1301.9,624.33,25.31
1301.9,624.33,25.312
1298.4,624.33,25.313
1298.4,625.09,25.315
1300.2,625.09,25.317
1300.2,624.33,25.318
1300.2,624.33,25.32
1298.4,624.33,25.322
1300.2,625.09,25.323
1298.4,624.33,25.325
1301.9,625.09,25.328
1298.4,624.33,25.329
1298.4,624.33,25.331
1298.4,624.33,25.333
1296.7,624.33,25.334
1301.9,624.33,25.336
1301.9,624.33,25.338
1300.2,625.09,25.339
1300.2,625.09,25.341
1301.9,625.09,25.343
1301.9,624.33,25.344
1301.9,625.09,25.346
1298.4,625.09,25.348
1301.9,624.33,25.349
1298.4,624.33,25.351
1300.2,624.33,25.353
1300.2,624.33,25.354
1300.2,625.09,25.356
1300.2,625.09,25.358
1305.4,625.09,25.359
1298.4,625.09,25.361
1298.4,624.33,25.363
1308.9,624.33,25.364
1300.2,624.33,25.366
1298.4,624.33,25.368
1298.4,625.09,25.369
1305.4,624.33,25.372
1298.4,625.09,25.374
1300.2,624.33,25.375
1301.9,625.09,25.377
1298.4,624.33,25.379
1298.4,625.09,25.38
1300.2,624.33,25.382
1300.2,624.33,25.384
1300.2,625.09,25.385
1300.2,624.33,25.387
1298.4,624.33,25.389
1300.2,625.09,25.39
1300.2,625.09,25.392
1300.2,624.33,25.393
1300.2,624.33,25.395
1303.7,625.09,25.397
1300.2,624.33,25.398
1300.2,624.33,25.4
1300.2,624.33,25.402
1300.2,624.33,25.403
1298.4,624.33,25.405
1294.9,624.33,25.407
1296.7,624.33,25.408
1301.9,625.09,25.41
1298.4,624.33,25.412
1300.2,624.33,25.414
1298.4,624.33,25.416
1301.9,624.33,25.418
1298.4,624.33,25.419
1300.2,625.09,25.421
1298.4,624.33,25.423
1300.2,624.33,25.424
1301.9,624.33,25.426
1298.4,625.09,25.428
1298.4,625.09,25.429
1300.2,624.33,25.431
1300.2,625.09,25.433
1300.2,625.09,25.434
1298.4,624.33,25.436
1300.2,624.33,25.438
1298.4,624.33,25.439
1298.4,624.33,25.441
1300.2,624.33,25.443
1300.2,624.33,25.444
1300.2,624.33,25.446
1296.7,624.33,25.448
1300.2,625.09,25.449
1301.9,625.09,25.451
1294.9,625.09,25.453
1300.2,624.33,25.454
1300.2,624.33,25.457
1300.2,624.33,25.459
1300.2,624.33,25.46
1303.7,624.33,25.462
1298.4,624.33,25.464
1298.4,625.09,25.465
1301.9,624.33,25.467
1301.9,625.09,25.469
1300.2,624.33,25.47
1298.4,624.33,25.472
1298.4,624.33,25.474
1300.2,624.33,25.475
1300.2,624.33,25.477
1294.9,624.33,25.478
1298.4,624.33,25.48
1298.4,624.33,25.482
1300.2,624.33,25.483
1300.2,625.09,25.485
1300.2,624.33,25.487
1298.4,625.09,25.488
1298.4,624.33,25.49
1298.4,625.09,25.492
1300.2,624.33,25.493
1300.2,624.33,25.495
1298.4,624.33,25.497
1301.9,625.09,25.499
1305.4,624.33,25.501
1308.9,624.33,25.503
1312.4,624.33,25.504
1319.4,625.09,25.506
1312.4,624.33,25.508
1312.4,624.33,25.509
1310.6,624.33,25.511
1298.4,624.33,25.513
1300.2,624.33,25.514
1301.9,624.33,25.516
1298.4,623.56,25.518
1296.7,623.56,25.519
1298.4,624.33,25.521
1298.4,624.33,25.523
1298.4,624.33,25.524
1303.7,625.09,25.526
1300.2,625.09,25.528
1300.2,625.86,25.529
1300.2,625.86,25.531
1300.2,625.09,25.533
1298.4,625.09,25.534
1301.9,625.09,25.536
1298.4,625.09,25.538
1296.7,624.33,25.539
1300.2,624.33,25.542
1305.4,624.33,25.544
1298.4,624.33,25.545
1300.2,625.09,25.547
1301.9,624.33,25.549
1300.2,625.86,25.55
1300.2,625.09,25.552
1300.2,625.09,25.554
1300.2,625.09,25.555
1303.7,625.09,25.557
1300.2,625.09,25.559
1300.2,625.09,25.56
1296.7,624.33,25.562
1301.9,624.33,25.563
1298.4,624.33,25.565
1298.4,625.09,25.567
1298.4,625.09,25.568
1300.2,625.09,25.57
1301.9,625.09,25.572
1301.9,625.09,25.573
1301.9,625.09,25.575
1298.4,624.33,25.577
1300.2,624.33,25.578
1301.9,624.33,25.58
1300.2,624.33,25.582
1300.2,624.33,25.584
1301.9,624.33,25.586
1298.4,624.33,25.588
1300.2,624.33,25.589
1305.4,625.09,25.591
1300.2,625.09,25.593
1300.2,625.09,25.594
1300.2,625.09,25.596
1301.9,625.09,25.598
1298.4,624.33,25.599
1300.2,624.33,25.601
1300.2,624.33,25.603
1296.7,624.33,25.604
1310.6,625.09,25.606
1300.2,625.09,25.608
1300.2,624.33,25.609
1300.2,625.09,25.611
1300.2,625.09,25.613
1301.9,625.09,25.614
1305.4,625.09,25.616
1300.2,625.09,25.618
1301.9,625.09,25.619
1301.9,624.33,25.621
1300.2,624.33,25.623
1300.2,624.33,25.624
1305.4,624.33,25.627
1296.7,624.33,25.629
1300.2,624.33,25.63
1305.4,625.09,25.632
1300.2,625.09,25.634
1301.9,625.09,25.635
1300.2,625.09,25.637
1296.7,625.09,25.639
1300.2,625.09,25.64
1300.2,625.09,25.642
1300.2,625.09,25.644
1300.2,624.33,25.645
1300.2,624.33,25.647
1298.4,625.09,25.649
1296.7,624.33,25.65
1300.2,625.09,25.652
1300.2,625.09,25.653
1301.9,625.09,25.655
1301.9,625.09,25.657
1298.4,625.09,25.658
1296.7,625.09,25.66
1298.4,625.09,25.662
1300.2,624.33,25.663
1300.2,625.09,25.665
1300.2,624.33,25.667
1298.4,625.09,25.668
1300.2,624.33,25.671
1298.4,624.33,25.673
1298.4,625.09,25.674
1294.9,625.09,25.676
1300.2,624.33,25.678
1298.4,625.09,25.679
1298.4,624.33,25.681
1300.2,625.09,25.683
1303.7,624.33,25.684
1298.4,625.09,25.686
1298.4,625.86,25.688
1300.2,624.33,25.689
1298.4,624.33,25.691
1298.4,624.33,25.693
1300.2,624.33,25.694
1300.2,625.09,25.696
1298.4,624.33,25.698
1300.2,625.09,25.699
1300.2,625.09,25.701
1301.9,625.09,25.703
1300.2,625.09,25.704
1298.4,624.33,25.706
1298.4,624.33,25.708
1303.7,624.33,25.709
1300.2,625.09,25.712
1303.7,625.09,25.714
1301.9,624.33,25.715
1300.2,625.09,25.717
1300.2,624.33,25.719
1298.4,625.09,25.72
1298.4,624.33,25.722
1300.2,625.09,25.724
1305.4,624.33,25.725
1300.2,625.09,25.727
1294.9,625.09,25.729
1300.2,624.33,25.73
1298.4,624.33,25.732
1300.2,625.09,25.734
1301.9,624.33,25.735
1298.4,624.33,25.737
1298.4,625.09,25.738
1300.2,625.09,25.74
1300.2,625.09,25.742
1300.2,624.33,25.743
1301.9,624.33,25.745
1300.2,624.33,25.747
1296.7,624.33,25.748
1300.2,624.33,25.75
1298.4,624.33,25.752
1298.4,625.09,25.753
1305.4,624.33,25.756
1301.9,625.09,25.758
1298.4,624.33,25.759
1298.4,624.33,25.761
1301.9,625.09,25.763
1300.2,625.09,25.764
1301.9,625.09,25.766
1300.2,625.09,25.768
1308.9,625.09,25.769
1308.9,625.09,25.771
1301.9,624.33,25.773
1303.7,624.33,25.774
1294.9,624.33,25.776
1298.4,625.09,25.778
1300.2,624.33,25.779
1298.4,624.33,25.781
1301.9,624.33,25.783
1300.2,624.33,25.784
1300.2,624.33,25.786
1298.4,625.09,25.788
1300.2,624.33,25.789
1301.9,625.09,25.791
1300.2,625.09,25.793
1303.7,625.09,25.794
1305.4,624.33,25.796
1300.2,624.33,25.799
1300.2,624.33,25.8
1300.2,625.09,25.802
1300.2,625.09,25.804
1300.2,624.33,25.805
1301.9,625.09,25.807
1296.7,625.09,25.809
1298.4,624.33,25.81
1300.2,624.33,25.812
1301.9,625.09,25.814
1300.2,624.33,25.815
1300.2,624.33,25.817
1298.4,624.33,25.819
1300.2,625.09,25.82
1300.2,624.33,25.822
1300.2,624.33,25.824
1300.2,625.09,25.825
1301.9,624.33,25.827
1303.7,625.09,25.828
1305.4,624.33,25.83
1301.9,625.09,25.832
1298.4,624.33,25.833
1300.2,625.09,25.835
1298.4,624.33,25.837
1300.2,625.09,25.838
1303.7,624.33,25.841
1298.4,625.09,25.843
1294.9,624.33,25.844
1298.4,624.33,25.846
1298.4,625.09,25.848
1298.4,625.09,25.849
1298.4,625.09,25.851
1298.4,624.33,25.853
1298.4,624.33,25.854
1300.2,624.33,25.856
1303.7,624.33,25.858
1300.2,625.09,25.859
1294.9,624.33,25.861
1296.7,625.09,25.863
1312.4,624.33,25.864
1301.9,624.33,25.866
1300.2,624.33,25.868
1300.2,624.33,25.869
1300.2,624.33,25.871
1300.2,625.09,25.873
1298.4,624.33,25.874
1305.4,625.09,25.876
1298.4,624.33,25.878
1301.9,625.09,25.879
1301.9,624.33,25.881
1305.4,625.09,25.884
1300.2,624.33,25.885
1298.4,624.33,25.887
1298.4,624.33,25.889
1301.9,624.33,25.89
1301.9,624.33,25.892
1305.4,624.33,25.894
1296.7,624.33,25.895
1300.2,624.33,25.897
1300.2,624.33,25.899
1298.4,624.33,25.9
1296.7,624.33,25.902
1301.9,624.33,25.904
1300.2,625.09,25.905
1298.4,625.09,25.907
1300.2,624.33,25.909
1300.2,624.33,25.91
1300.2,625.09,25.912
1300.2,624.33,25.913
1294.9,624.33,25.915
1300.2,625.09,25.917
1298.4,625.09,25.918
1300.2,625.09,25.92
1296.7,624.33,25.922
1298.4,624.33,25.923
1298.4,625.09,25.926
1300.2,624.33,25.928
1300.2,624.33,25.929
1298.4,624.33,25.931
1300.2,624.33,25.933
1300.2,624.33,25.934
1298.4,624.33,25.936
1301.9,625.09,25.938
1298.4,625.09,25.939
1301.9,624.33,25.941
1300.2,625.09,25.943
1300.2,624.33,25.944
1301.9,625.09,25.946
1301.9,624.33,25.948
1298.4,624.33,25.949
1298.4,624.33,25.951
1300.2,624.33,25.953
1294.9,624.33,25.954
1301.9,625.09,25.956
1298.4,625.09,25.958
1303.7,625.09,25.959
1300.2,624.33,25.961
1293.2,624.33,25.963
1300.2,624.33,25.964
1300.2,624.33,25.966
1300.2,624.33,25.969
1301.9,624.33,25.97
1300.2,624.33,25.972
1298.4,625.09,25.974
1298.4,623.56,25.975
1301.9,624.33,25.977
1294.9,624.33,25.979
1298.4,624.33,25.98
1300.2,624.33,25.982
1301.9,624.33,25.984
1301.9,625.09,25.985
1300.2,624.33,25.987
1296.7,624.33,25.989
1296.7,625.09,25.99
1300.2,624.33,25.992
1301.9,624.33,25.994
1298.4,624.33,25.995
1298.4,625.09,25.997
1298.4,624.33,25.998
1301.9,624.33,26
1310.6,625.09,26.002
1312.4,624.33,26.003
1312.4,625.09,26.005
1307.1,624.33,26.007
1310.6,624.33,26.008
1310.6,624.33,26.011
1300.2,624.33,26.013
1300.2,624.33,26.014
1300.2,624.33,26.016
1298.4,624.33,26.018
1296.7,624.33,26.019
1298.4,623.56,26.021
1296.7,623.56,26.023
1298.4,623.56,26.024
1300.2,624.33,26.026
1301.9,625.09,26.028
1300.2,625.86,26.029
1301.9,625.86,26.031
1303.7,625.09,26.033
1301.9,625.09,26.034
1300.2,625.09,26.036
1296.7,624.33,26.038
1298.4,623.56,26.039
1305.4,624.33,26.041
1298.4,624.33,26.043
1294.9,624.33,26.044
1298.4,624.33,26.046
1300.2,625.09,26.048
1300.2,625.86,26.049
1301.9,625.86,26.051
1296.7,625.09,26.054
1298.4,625.09,26.055
1301.9,625.09,26.057
1296.7,624.33,26.059
1300.2,624.33,26.06
1296.7,623.56,26.062
1294.9,624.33,26.064
1298.4,625.09,26.065
1305.4,625.09,26.067
1293.2,625.09,26.069
1298.4,625.09,26.07
1300.2,625.09,26.072
1301.9,625.09,26.074
1300.2,625.09,26.075
1300.2,625.09,26.077
1300.2,624.33,26.079
1298.4,624.33,26.08
1300.2,624.33,26.082
1298.4,624.33,26.084
1305.4,624.33,26.085
1298.4,624.33,26.087
1301.9,625.09,26.088
1294.9,625.09,26.09
1300.2,625.09,26.092
1303.7,625.09,26.093
1298.4,625.09,26.096
1301.9,625.09,26.098
1300.2,625.09,26.099
1300.2,625.09,26.101
1300.2,624.33,26.103
1298.4,625.09,26.104
1301.9,624.33,26.106
1300.2,625.09,26.108
1298.4,624.33,26.109
1300.2,624.33,26.111
1298.4,625.09,26.113
1298.4,625.09,26.114
1298.4,625.09,26.116
1301.9,625.09,26.118
1301.9,625.09,26.119
1296.7,625.09,26.121
1303.7,624.33,26.123
1298.4,624.33,26.124
1300.2,625.09,26.126
1300.2,625.09,26.128
1300.2,624.33,26.129
1310.6,625.09,26.131
1298.4,624.33,26.133
1296.7,625.09,26.134
1300.2,625.09,26.136
1305.4,625.09,26.139
1300.2,625.09,26.14
1300.2,624.33,26.142
1298.4,624.33,26.144
1298.4,624.33,26.145
1296.7,624.33,26.147
1293.2,625.09,26.149
1296.7,624.33,26.15
1300.2,624.33,26.152
1300.2,624.33,26.154
1300.2,625.09,26.155
1300.2,625.09,26.157
1298.4,625.09,26.159
1301.9,625.09,26.16
1300.2,624.33,26.162
1301.9,624.33,26.164
1298.4,625.09,26.165
1298.4,624.33,26.167
1300.2,625.09,26.169
1298.4,624.33,26.17
1298.4,625.09,26.172
1293.2,624.33,26.173
1296.7,625.09,26.175
1296.7,624.33,26.177
1300.2,625.09,26.178
1298.4,625.09,26.18
1300.2,625.09,26.183
1298.4,624.33,26.184
1298.4,625.09,26.186
1300.2,624.33,26.188
1298.4,624.33,26.189
1300.2,625.09,26.191
1294.9,624.33,26.193
1300.2,624.33,26.194
1300.2,625.09,26.196
1296.7,624.33,26.198
1298.4,625.09,26.199
1301.9,624.33,26.201
1300.2,625.09,26.203
1300.2,625.09,26.204
1300.2,624.33,26.206
1300.2,625.09,26.208
1300.2,625.09,26.209
1301.9,625.09,26.211
1298.4,624.33,26.213
1298.4,625.09,26.214
1300.2,625.09,26.216
1298.4,625.09,26.218
1300.2,624.33,26.219
1300.2,625.09,26.221
1293.2,624.33,26.224
1300.2,624.33,26.225
1300.2,625.09,26.227
1296.7,625.09,26.229
1298.4,625.09,26.23
1303.7,625.09,26.232
1298.4,624.33,26.234
1303.7,625.09,26.235
1298.4,624.33,26.237
1300.2,625.09,26.239
1298.4,625.09,26.24
1298.4,624.33,26.242
1300.2,625.09,26.244
1298.4,625.09,26.245
1300.2,625.09,26.247
1298.4,624.33,26.249
1298.4,624.33,26.25
1300.2,624.33,26.252
1298.4,624.33,26.254
1298.4,624.33,26.255
1298.4,625.09,26.257
1300.2,624.33,26.259
1301.9,625.09,26.26
1294.9,625.09,26.262
1296.7,625.09,26.263
1300.2,624.33,26.265
1298.4,625.09,26.268
1303.7,624.33,26.269
1294.9,624.33,26.271
1298.4,625.09,26.273
1300.2,625.09,26.274
1296.7,624.33,26.276
1300.2,625.09,26.278
1300.2,624.33,26.279
1298.4,625.09,26.281
1300.2,624.33,26.283
1300.2,625.09,26.284
1298.4,624.33,26.286
1298.4,624.33,26.288
1301.9,625.09,26.289
1301.9,625.09,26.291
1300.2,624.33,26.293
1296.7,625.09,26.294
1300.2,624.33,26.296
1300.2,625.09,26.298
1301.9,625.09,26.299
1301.9,625.09,26.301
1294.9,625.09,26.303
1300.2,624.33,26.304
1298.4,624.33,26.306
1294.9,625.09,26.308
1298.4,625.09,26.31
1305.4,624.33,26.312
1303.7,624.33,26.314
1298.4,624.33,26.315
1301.9,625.09,26.317
1293.2,625.09,26.319
1301.9,625.09,26.32
1298.4,625.09,26.322
1298.4,624.33,26.324
1300.2,625.09,26.325
1296.7,624.33,26.327
1300.2,625.09,26.329
1300.2,624.33,26.33
1301.9,624.33,26.332
1305.4,624.33,26.334
1298.4,624.33,26.335
1298.4,624.33,26.337
1298.4,625.09,26.339
1300.2,624.33,26.34
1296.7,624.33,26.342
1300.2,624.33,26.344
1300.2,625.09,26.345
1300.2,624.33,26.347
1300.2,625.09,26.348
1300.2,625.09,26.35
1301.9,624.33,26.353
1298.4,624.33,26.354
1298.4,624.33,26.356
1300.2,625.09,26.358
1301.9,624.33,26.359
1296.7,624.33,26.361
1298.4,624.33,26.363
1301.9,624.33,26.364
1296.7,625.09,26.366
1298.4,624.33,26.368
1300.2,625.09,26.369
1300.2,624.33,26.371
1300.2,624.33,26.373
1298.4,624.33,26.374
1298.4,624.33,26.376
1300.2,624.33,26.378
1300.2,624.33,26.379
1303.7,625.09,26.381
1298.4,625.09,26.383
1298.4,624.33,26.384
1300.2,624.33,26.386
1298.4,624.33,26.388
1300.2,624.33,26.389
1300.2,624.33,26.391
1300.2,625.09,26.393
1296.7,624.33,26.395
1298.4,625.09,26.397
1298.4,624.33,26.399
1293.2,625.09,26.4
1298.4,624.33,26.402
1293.2,624.33,26.404
1298.4,624.33,26.405
1298.4,625.09,26.407
1300.2,624.33,26.409
1301.9,624.33,26.41
1301.9,625.09,26.412
1298.4,624.33,26.414
1300.2,624.33,26.415
1294.9,624.33,26.417
1300.2,624.33,26.419
1293.2,625.09,26.42
1300.2,624.33,26.422
1294.9,624.33,26.424
1300.2,624.33,26.425
1301.9,624.33,26.427
1298.4,624.33,26.429
1300.2,624.33,26.43
1298.4,624.33,26.432
1298.4,624.33,26.433
1298.4,624.33,26.435
1298.4,625.09,26.438
1300.2,624.33,26.439
1298.4,624.33,26.441
1305.4,624.33,26.443
1303.7,625.09,26.444
1300.2,624.33,26.446
1298.4,624.33,26.448
1293.2,624.33,26.449
1300.2,624.33,26.451
1300.2,625.09,26.453
1294.9,624.33,26.454
1305.4,624.33,26.456
1298.4,624.33,26.458
1298.4,624.33,26.459
1301.9,625.09,26.461
1298.4,625.09,26.463
1300.2,625.09,26.464
1298.4,624.33,26.466
1294.9,624.33,26.468
1298.4,624.33,26.469
1300.2,625.09,26.471
1294.9,624.33,26.473
1298.4,625.09,26.474
1300.2,624.33,26.476
1300.2,624.33,26.478
1300.2,624.33,26.48
1298.4,624.33,26.482
1300.2,624.33,26.484
1300.2,625.09,26.485
1298.4,624.33,26.487
1301.9,624.33,26.489
1298.4,624.33,26.49
1298.4,624.33,26.492
1298.4,624.33,26.494
1298.4,625.09,26.495
1298.4,624.33,26.497
1303.7,625.09,26.499
1301.9,625.09,26.5
1310.6,625.09,26.502
1312.4,624.33,26.504
1312.4,624.33,26.505
1307.1,624.33,26.507
1312.4,624.33,26.509
1308.9,624.33,26.51
1307.1,623.56,26.512
1298.4,625.09,26.514
1300.2,624.33,26.515
1300.2,624.33,26.517
1298.4,623.56,26.519
1296.7,623.56,26.52
1298.4,623.56,26.523
1296.7,624.33,26.524
1298.4,624.33,26.526
1300.2,624.33,26.528
1301.9,625.86,26.529
1305.4,625.86,26.531
1303.7,626.62,26.533
1305.4,625.86,26.534
1301.9,625.86,26.536
1300.2,624.33,26.538
1300.2,624.33,26.539
1298.4,624.33,26.541
1296.7,624.33,26.543
1300.2,624.33,26.544
1298.4,625.09,26.546
1300.2,624.33,26.548
1298.4,625.09,26.549
1301.9,625.86,26.551
1301.9,625.86,26.553
1308.9,625.86,26.554
1300.2,625.86,26.556
1301.9,625.09,26.558
1300.2,625.09,26.559
1300.2,624.33,26.561
1298.4,624.33,26.563
1300.2,624.33,26.564
1305.4,624.33,26.567
1305.4,625.09,26.569
1300.2,625.09,26.57
1300.2,625.09,26.572
1303.7,625.86,26.574
1298.4,625.09,26.575
1300.2,625.09,26.577
1305.4,625.09,26.579
1301.9,625.09,26.58
1300.2,624.33,26.582
1298.4,624.33,26.584
1300.2,624.33,26.585
1296.7,624.33,26.587
1300.2,624.33,26.589
1301.9,625.09,26.59
1301.9,625.09,26.592
1301.9,625.09,26.594
1300.2,625.09,26.595
1300.2,625.09,26.597
1301.9,625.09,26.599
1296.7,625.09,26.6
1300.2,625.09,26.602
1294.9,624.33,26.604
1298.4,624.33,26.605
1300.2,625.09,26.608
1298.4,624.33,26.609
1301.9,625.09,26.611
1300.2,625.09,26.613
1301.9,625.09,26.614
1301.9,625.09,26.616
1298.4,625.09,26.618
1307.1,625.09,26.619
1300.2,625.09,26.621
1296.7,624.33,26.623
1300.2,624.33,26.624
1303.7,625.09,26.626
1301.9,625.09,26.628
1298.4,625.09,26.629
1300.2,624.33,26.631
1300.2,625.09,26.633
1298.4,625.09,26.634
1300.2,625.09,26.636
1300.2,625.09,26.638
1307.1,625.09,26.639
1301.9,625.09,26.641
1301.9,625.09,26.643
1300.2,624.33,26.644
1296.7,625.09,26.646
1307.1,624.33,26.648
1300.2,624.33,26.649
1301.9,625.86,26.652
1300.2,625.09,26.654
1298.4,625.09,26.655
1300.2,625.09,26.657
1293.2,625.09,26.659
1300.2,625.09,26.66
1301.9,625.09,26.662
1300.2,625.09,26.664
1300.2,625.09,26.665
1300.2,625.09,26.667
1301.9,625.09,26.669
1298.4,624.33,26.67
1296.7,625.09,26.672
1303.7,625.09,26.674
1300.2,625.09,26.675
1296.7,625.09,26.677
1308.9,625.09,26.679
1301.9,624.33,26.68
1300.2,625.09,26.682
1301.9,624.33,26.684
1300.2,625.09,26.685
1300.2,624.33,26.687
1301.9,625.09,26.689
1300.2,624.33,26.69
1298.4,625.09,26.692
1293.2,625.09,26.695
1298.4,625.09,26.696
1301.9,625.09,26.698
1301.9,625.09,26.699
1300.2,625.09,26.701
1298.4,624.33,26.703
1298.4,625.09,26.704
1303.7,624.33,26.706
1298.4,625.09,26.708
1296.7,625.09,26.709
1301.9,624.33,26.711
1300.2,625.09,26.713
1300.2,625.09,26.714
1300.2,625.09,26.716
1301.9,625.09,26.718
1296.7,625.09,26.719
1294.9,625.86,26.721
1298.4,625.09,26.723
1301.9,625.09,26.724
1300.2,625.09,26.726
1300.2,624.33,26.728
1298.4,625.09,26.729
1300.2,625.09,26.731
1294.9,625.09,26.733
1298.4,625.09,26.734
1300.2,625.09,26.737
1301.9,625.09,26.739
1298.4,625.09,26.74
1294.9,625.09,26.742
1300.2,625.09,26.744
1307.1,625.09,26.745
1301.9,625.09,26.747
1298.4,625.09,26.749
1294.9,624.33,26.75
1300.2,624.33,26.752
1300.2,625.09,26.754
1298.4,624.33,26.755
1298.4,625.09,26.757
1301.9,624.33,26.759
1298.4,625.09,26.76
1300.2,625.09,26.762
1300.2,625.09,26.764
1300.2,625.09,26.765
1300.2,625.09,26.767
1300.2,625.09,26.769
1298.4,624.33,26.77
1298.4,625.09,26.772
1300.2,624.33,26.774
1296.7,624.33,26.775
1300.2,625.09,26.777
1300.2,625.09,26.78
1294.9,625.09,26.781
1300.2,624.33,26.783
1300.2,625.09,26.784
1300.2,625.09,26.786
1298.4,624.33,26.788
1300.2,625.09,26.789
1300.2,625.09,26.791
1300.2,624.33,26.793
1307.1,624.33,26.794
1298.4,624.33,26.796
1300.2,624.33,26.798
1298.4,625.09,26.799
1298.4,625.09,26.801
1300.2,625.09,26.803
1301.9,625.09,26.804
1298.4,624.33,26.806
1301.9,625.09,26.808
1293.2,625.09,26.809
1298.4,625.09,26.811
1307.1,625.09,26.813
1300.2,625.09,26.814
1300.2,624.33,26.816
1298.4,624.33,26.818
1305.4,624.33,26.819
1296.7,625.09,26.822
1300.2,625.09,26.824
1298.4,625.09,26.825
1300.2,625.09,26.827
1303.7,624.33,26.829
1298.4,624.33,26.83
1298.4,625.09,26.832
1298.4,625.09,26.834
1300.2,625.09,26.835
1300.2,625.09,26.837
1298.4,625.09,26.839
1298.4,624.33,26.84
1300.2,625.09,26.842
1298.4,625.09,26.844
1301.9,624.33,26.845
1291.4,624.33,26.847
1300.2,625.09,26.849
1300.2,624.33,26.85
1300.2,625.09,26.852
1294.9,624.33,26.854
1298.4,625.09,26.855
1300.2,625.09,26.857
1298.4,625.09,26.859
1301.9,625.09,26.86
1300.2,624.33,26.862
1298.4,625.09,26.865
1300.2,625.09,26.866
1300.2,624.33,26.868
1300.2,625.09,26.869
1294.9,624.33,26.871
1298.4,625.09,26.873
1300.2,625.09,26.874
1301.9,625.09,26.876
1300.2,624.33,26.878
1298.4,625.09,26.879
1300.2,624.33,26.881
1298.4,624.33,26.883
1300.2,624.33,26.884
1301.9,624.33,26.886
1300.2,625.09,26.888
1298.4,624.33,26.889
1300.2,624.33,26.891
1300.2,625.09,26.893
1298.4,625.09,26.894
1305.4,625.09,26.896
1307.1,624.33,26.898
1301.9,624.33,26.899
1300.2,624.33,26.901
1300.2,625.09,26.903
1300.2,625.09,26.904
1300.2,625.09,26.907
1300.2,624.33,26.909
1298.4,625.09,26.91
1298.4,625.09,26.912
1298.4,624.33,26.914
1301.9,624.33,26.915
1300.2,625.09,26.917
1301.9,624.33,26.919
1300.2,624.33,26.92
1293.2,625.09,26.922
1298.4,624.33,26.924
1298.4,624.33,26.925
1301.9,625.09,26.927
1301.9,624.33,26.929
1305.4,625.09,26.93
1300.2,624.33,26.932
1307.1,625.09,26.934
1300.2,624.33,26.935
1298.4,624.33,26.937
1303.7,624.33,26.939
1298.4,624.33,26.94
1298.4,624.33,26.942
1296.7,625.09,26.944
1300.2,624.33,26.945
1300.2,625.09,26.947
1300.2,624.33,26.95
1298.4,625.09,26.951
1300.2,624.33,26.953
1305.4,624.33,26.955
1298.4,625.09,26.956
1300.2,624.33,26.958
1298.4,625.09,26.959
1300.2,625.09,26.961
1298.4,624.33,26.963
1298.4,625.09,26.964
1294.9,625.09,26.966
1303.7,624.33,26.968
1298.4,624.33,26.969
1300.2,624.33,26.971
1291.4,625.09,26.973
1289.7,625.09,26.974
1293.2,624.33,26.976
1294.9,624.33,26.978
1291.4,625.09,26.979
1293.2,624.33,26.981
1293.2,625.09,26.983
1293.2,625.09,26.984
1289.7,624.33,26.986
1291.4,624.33,26.988
1291.4,624.33,26.989
1291.4,624.33,26.992
1289.7,624.33,26.994
1291.4,624.33,26.995
1293.2,624.33,26.997
1284.5,619.73,26.999
1268.8,615.14,27
1261.8,604.43,27.002
1244.4,598.3,27.004
1230.4,594.48,27.005
1216.4,586.06,27.007
1199,579.17,27.009
1183.3,575.34,27.01
1178.1,568.45,27.012
1178.1,570.75,27.014
1178.1,572.28,27.015
1190.3,573.81,27.017
1186.8,578.4,27.019
1199,581.46,27.02
1204.2,581.46,27.022
1202.5,583.76,27.024
1202.5,581.46,27.025
1200.7,579.17,27.027
1195.5,578.4,27.029
1188.5,576.11,27.03
1181.6,573.81,27.032
1185,575.34,27.035
1186.8,575.34,27.036
1190.3,576.11,27.038
1193.8,578.4,27.04
1193.8,579.93,27.041
1199,580.7,27.043
1202.5,581.46,27.044
1202.5,579.93,27.046
1192,579.17,27.048
1195.5,578.4,27.049
1192,576.87,27.051
1190.3,576.11,27.053
1188.5,576.11,27.054
1190.3,576.87,27.056
1192,577.64,27.058
1193.8,578.4,27.059
1200.7,579.17,27.061
1197.3,580.7,27.063
1197.3,579.93,27.064
1200.7,579.93,27.066
1199,579.93,27.068
1197.3,578.4,27.069
1193.8,577.64,27.071
1195.5,576.87,27.073
1190.3,577.64,27.074
1190.3,577.64,27.076
1195.5,577.64,27.079
1199,579.17,27.08
1195.5,579.17,27.082
1197.3,579.93,27.084
1197.3,579.93,27.085
1200.7,579.93,27.087
1195.5,579.17,27.089
1195.5,579.17,27.09
1192,578.4,27.092
1192,577.64,27.094
1200.7,577.64,27.095
1193.8,578.4,27.097
1193.8,577.64,27.099
1190.3,579.17,27.1
1195.5,579.17,27.102
1195.5,579.93,27.104
1197.3,579.93,27.105
1195.5,579.93,27.107
1197.3,579.17,27.109
1195.5,579.17,27.11
1199,578.4,27.112
1186.8,578.4,27.114
1195.5,578.4,27.115
1195.5,578.4,27.117
1195.5,578.4,27.12
1195.5,579.17,27.121
1193.8,579.17,27.123
1197.3,579.17,27.125
1200.7,579.93,27.126
1195.5,579.93,27.128
1197.3,579.93,27.13
1200.7,579.17,27.131
1195.5,579.17,27.133
1197.3,579.17,27.134
1193.8,578.4,27.136
1193.8,578.4,27.138
1202.5,579.17,27.139
1195.5,579.17,27.141
1200.7,579.17,27.143
1195.5,579.93,27.144
1202.5,579.93,27.146
1193.8,579.93,27.148
1197.3,579.93,27.149
1197.3,579.17,27.151
1202.5,579.17,27.153
1193.8,579.17,27.154
1199,579.17,27.156
1195.5,579.17,27.158
1195.5,579.17,27.159
1197.3,579.17,27.161
1197.3,579.17,27.164
1195.5,579.17,27.165
1197.3,579.93,27.167
1199,580.7,27.169
1195.5,579.93,27.17
1195.5,579.93,27.172
1197.3,579.93,27.174
1195.5,579.93,27.175
1195.5,579.17,27.177
1195.5,579.17,27.179
1195.5,579.17,27.18
1195.5,579.17,27.182
1195.5,579.17,27.184
1199,579.93,27.185
1197.3,579.93,27.187
1199,579.93,27.189
1204.2,579.93,27.19
1195.5,579.93,27.192
1197.3,579.93,27.194
1197.3,579.17,27.195
1193.8,579.93,27.197
1193.8,579.17,27.199
1195.5,579.17,27.2
1195.5,579.93,27.202
1197.3,579.93,27.204
1197.3,579.93,27.206
1199,579.93,27.208
1195.5,579.93,27.21
1197.3,579.93,27.211
1200.7,579.93,27.213
1199,579.93,27.215
1197.3,579.93,27.216
1195.5,579.93,27.218
1193.8,579.17,27.219
1197.3,579.17,27.221
1193.8,579.93,27.223
1193.8,579.93,27.224
1197.3,579.93,27.226
1200.7,579.93,27.228
1199,579.93,27.229
1195.5,579.93,27.231
1190.3,579.93,27.233
1197.3,579.93,27.234
1195.5,579.93,27.236
1199,580.7,27.238
1199,579.93,27.239
1193.8,579.93,27.241
1200.7,579.93,27.243
1199,579.93,27.244
1199,579.93,27.246
1199,579.93,27.249
1192,579.93,27.25
1199,579.93,27.252
1197.3,579.93,27.254
1199,579.93,27.255
1197.3,579.93,27.257
1202.5,579.93,27.259
1199,579.93,27.26
1199,579.93,27.262
1197.3,579.93,27.264
1197.3,579.93,27.265
1195.5,579.93,27.267
1199,579.93,27.269
1199,579.93,27.27
1197.3,579.93,27.272
1197.3,579.93,27.274
1200.7,579.93,27.275
1199,579.93,27.277
1199,579.93,27.279
1193.8,579.93,27.28
1197.3,579.93,27.282
1197.3,579.93,27.284
1197.3,579.93,27.285
1207.7,579.17,27.287
1197.3,579.93,27.289
1197.3,579.93,27.291
1195.5,580.7,27.293
1199,579.93,27.295
1195.5,579.93,27.296
1199,580.7,27.298
1200.7,579.93,27.3
1197.3,579.93,27.301
1199,579.93,27.303
1197.3,579.93,27.304
1195.5,579.93,27.306
1197.3,580.7,27.308
1199,579.93,27.309
1199,580.7,27.311
1197.3,579.93,27.313
1200.7,579.93,27.314
1206,579.93,27.316
1197.3,579.93,27.318
1199,579.93,27.319
1199,579.93,27.321
1193.8,579.93,27.323
1204.2,579.93,27.324
1199,579.93,27.326
1197.3,579.93,27.328
1199,579.93,27.329
1199,580.7,27.331
1199,579.93,27.334
1199,580.7,27.335
1199,580.7,27.337
1195.5,580.7,27.339
1199,579.93,27.34
1193.8,579.93,27.342
1199,579.93,27.344
1200.7,580.7,27.345
1207.7,580.7,27.347
1199,580.7,27.349
1200.7,580.7,27.35
1195.5,579.93,27.352
1199,579.93,27.354
1199,580.7,27.355
1199,579.93,27.357
1204.2,580.7,27.359
1199,579.93,27.36
1199,580.7,27.362
1197.3,580.7,27.364
1206,579.93,27.365
1202.5,580.7,27.367
1199,580.7,27.369
1200.7,580.7,27.37
1195.5,580.7,27.372
1199,580.7,27.374
1199,579.93,27.376
1199,580.7,27.378
1199,580.7,27.38
1197.3,580.7,27.381
1195.5,580.7,27.383
1199,580.7,27.385
1200.7,580.7,27.386
1200.7,580.7,27.388
1200.7,580.7,27.39
1200.7,580.7,27.391
1197.3,580.7,27.393
1202.5,580.7,27.394
1199,580.7,27.396
1199,580.7,27.398
1199,580.7,27.399
1200.7,580.7,27.401
1200.7,580.7,27.403
1200.7,580.7,27.404
1197.3,580.7,27.406
1200.7,580.7,27.408
1197.3,580.7,27.409
1200.7,580.7,27.411
1199,580.7,27.413
1195.5,580.7,27.414
1199,580.7,27.416
1200.7,580.7,27.419
1200.7,579.93,27.42
1199,580.7,27.422
1200.7,580.7,27.424
1200.7,580.7,27.425
1193.8,580.7,27.427
1199,580.7,27.429
1199,580.7,27.43
1200.7,580.7,27.432
1202.5,580.7,27.434
1197.3,580.7,27.435
1199,580.7,27.437
1200.7,580.7,27.439
1199,580.7,27.44
1206,580.7,27.442
1200.7,580.7,27.444
1207.7,580.7,27.445
1197.3,580.7,27.447
1199,581.46,27.449
1197.3,580.7,27.45
1200.7,580.7,27.452
1200.7,580.7,27.454
1199,580.7,27.455
1195.5,580.7,27.457
1199,580.7,27.459
1200.7,580.7,27.46
1202.5,580.7,27.463
1200.7,580.7,27.465
1199,581.46,27.466
1199,580.7,27.468
1202.5,580.7,27.47
1199,580.7,27.471
1193.8,580.7,27.473
1193.8,580.7,27.475
1190.3,580.7,27.476
1193.8,580.7,27.478
1193.8,581.46,27.479
1190.3,580.7,27.481
1192,580.7,27.483
1202.5,581.46,27.484
1192,581.46,27.486
1192,580.7,27.488
1190.3,580.7,27.489
1188.5,580.7,27.491
1193.8,580.7,27.493
1193.8,580.7,27.494
1188.5,578.4,27.496
1172.8,572.28,27.498
1158.9,563.09,27.499
1148.4,557.74,27.501
1137.9,553.91,27.504
1124,545.49,27.505
1118.8,540.13,27.507
1085.6,535.54,27.509
1087.4,529.42,27.51
1073.4,524.06,27.512
1064.7,520.23,27.514
1061.2,521.76,27.515
1062.9,523.29,27.517
1073.4,524.82,27.519
1078.6,528.65,27.52
1082.1,530.95,27.522
1085.6,531.71,27.524
1090.8,533.24,27.525
1087.4,530.95,27.527
1085.6,529.42,27.529
1080.4,528.65,27.53
1069.9,525.59,27.532
1076.9,524.82,27.534
1071.7,525.59,27.535
1073.4,525.59,27.537
1076.9,527.12,27.539
1076.9,528.65,27.54
1080.4,530.18,27.542
1085.6,530.95,27.544
1087.4,530.95,27.545
1085.6,530.95,27.548
1082.1,530.18,27.55
1082.1,528.65,27.551
1078.6,527.89,27.553
1075.1,527.12,27.555
1075.1,527.12,27.556
1076.9,527.12,27.558
1076.9,527.89,27.56
1080.4,528.65,27.561
1090.8,530.18,27.563
1085.6,530.18,27.565
1083.9,531.71,27.566
1083.9,530.95,27.568
1083.9,530.18,27.569
1080.4,529.42,27.571
1080.4,528.65,27.573
1078.6,527.89,27.574
1078.6,527.89,27.576
1078.6,528.65,27.578
1080.4,528.65,27.579
1080.4,529.42,27.581
1082.1,530.18,27.583
1082.1,530.95,27.584
1083.9,530.95,27.586
1083.9,530.18,27.588
1082.1,530.18,27.59
1082.1,530.18,27.592
1080.4,529.42,27.594
1082.1,528.65,27.595
1080.4,528.65,27.597
1078.6,529.42,27.599
1080.4,529.42,27.6
1082.1,529.42,27.602
1083.9,530.18,27.604
1083.9,530.95,27.605
1078.6,530.95,27.607
1083.9,530.95,27.609
1082.1,530.95,27.61
1085.6,530.18,27.612
1078.6,529.42,27.614
1078.6,529.42,27.615
1080.4,529.42,27.617
1082.1,529.42,27.619
1080.4,529.42,27.62
1082.1,530.18,27.622
1083.9,530.18,27.624
1083.9,530.95,27.625
1085.6,530.95,27.627
1083.9,530.95,27.629
1083.9,530.18,27.63
1085.6,530.18,27.633
1082.1,529.42,27.635
1080.4,530.18,27.636
1082.1,529.42,27.638
1090.8,530.18,27.64
1082.1,530.18,27.641
1083.9,530.18,27.643
1083.9,530.95,27.645
1085.6,530.95,27.646
1092.6,530.95,27.648
1083.9,530.95,27.65
1080.4,530.95,27.651
1087.4,530.95,27.653
1085.6,530.18,27.654
1083.9,530.18,27.656
1082.1,530.18,27.658
1083.9,530.95,27.659
1083.9,530.95,27.661
1083.9,530.18,27.663
1080.4,530.95,27.664
1089.1,530.95,27.666
1085.6,530.95,27.668
1085.6,531.71,27.669
1087.4,530.95,27.671
1087.4,530.95,27.673
1083.9,530.95,27.675
1083.9,530.95,27.677
1083.9,530.95,27.679
1083.9,530.95,27.68
1083.9,530.95,27.682
1082.1,530.95,27.684
1083.9,530.95,27.685
1083.9,530.95,27.687
1085.6,530.95,27.689
1087.4,531.71,27.69
1085.6,530.95,27.692
1085.6,531.71,27.694
1085.6,530.95,27.695
1082.1,530.95,27.697
1083.9,530.95,27.699
1085.6,530.95,27.7
1085.6,530.95,27.702
1085.6,530.95,27.704
1085.6,530.95,27.705
1085.6,531.71,27.707
1082.1,530.95,27.709
1087.4,531.71,27.71
1087.4,530.95,27.712
1087.4,531.71,27.714
1085.6,531.71,27.715
1085.6,531.71,27.718
1085.6,530.95,27.72
1085.6,530.95,27.721
1085.6,530.95,27.723
1085.6,530.95,27.725
1085.6,531.71,27.726
1087.4,530.95,27.728
1087.4,531.71,27.73
1085.6,531.71,27.731
1085.6,531.71,27.733
1085.6,531.71,27.735
1076.9,530.95,27.736
1085.6,531.71,27.738
1087.4,530.95,27.739
1085.6,530.95,27.741
1089.1,531.71,27.743
1080.4,531.71,27.744
1087.4,531.71,27.746
1080.4,531.71,27.748
1087.4,531.71,27.749
1087.4,531.71,27.751
1087.4,531.71,27.753
1089.1,532.48,27.754
1080.4,531.71,27.756
1087.4,531.71,27.758
1087.4,531.71,27.76
1087.4,531.71,27.762
1089.1,531.71,27.764
1085.6,531.71,27.765
1083.9,531.71,27.767
1087.4,531.71,27.769
1087.4,531.71,27.77
1089.1,531.71,27.772
1085.6,531.71,27.774
1087.4,531.71,27.775
1083.9,531.71,27.777
1087.4,531.71,27.779
1089.1,531.71,27.78
1087.4,531.71,27.782
1090.8,531.71,27.784
1089.1,531.71,27.785
1083.9,531.71,27.787
1090.8,532.48,27.789
1085.6,531.71,27.79
1096.1,531.71,27.792
1087.4,531.71,27.794
1089.1,532.48,27.795
1087.4,531.71,27.797
1087.4,532.48,27.799
1085.6,531.71,27.8
1090.8,531.71,27.803
1085.6,531.71,27.805
1089.1,532.48,27.806
1087.4,531.71,27.808
1089.1,532.48,27.81
1089.1,531.71,27.811
1089.1,531.71,27.813
1087.4,531.71,27.815
1087.4,532.48,27.816
1089.1,532.48,27.818
1089.1,532.48,27.82
1089.1,532.48,27.821
1083.9,532.48,27.823
1090.8,532.48,27.825
1087.4,532.48,27.826
1094.3,532.48,27.828
1089.1,532.48,27.829
1087.4,532.48,27.831
1089.1,531.71,27.833
1087.4,531.71,27.834
1089.1,532.48,27.836
1085.6,532.48,27.838
1089.1,532.48,27.839
1090.8,532.48,27.841
1089.1,532.48,27.843
1087.4,532.48,27.844
1090.8,532.48,27.847
1087.4,532.48,27.849
1089.1,532.48,27.85
1087.4,531.71,27.852
1087.4,532.48,27.854
1089.1,532.48,27.855
1089.1,532.48,27.857
1087.4,532.48,27.859
1089.1,532.48,27.86
1094.3,532.48,27.862
1087.4,532.48,27.864
1089.1,532.48,27.865
1089.1,532.48,27.867
1089.1,532.48,27.869
1090.8,532.48,27.87
1085.6,532.48,27.872
1089.1,532.48,27.874
1089.1,532.48,27.875
1089.1,532.48,27.877
1090.8,532.48,27.879
1089.1,532.48,27.88
1090.8,532.48,27.882
1089.1,532.48,27.884
1089.1,532.48,27.885
1089.1,532.48,27.888
1089.1,532.48,27.89
1087.4,532.48,27.891
1089.1,532.48,27.893
1094.3,532.48,27.895
1089.1,532.48,27.896
1089.1,532.48,27.898
1090.8,532.48,27.9
1089.1,533.24,27.901
1089.1,532.48,27.903
1092.6,532.48,27.905
1089.1,532.48,27.906
1096.1,533.24,27.908
1085.6,532.48,27.91
1090.8,532.48,27.911
1087.4,532.48,27.913
1090.8,532.48,27.914
1089.1,532.48,27.916
1089.1,532.48,27.918
1090.8,533.24,27.919
1089.1,532.48,27.921
1090.8,532.48,27.923
1090.8,532.48,27.924
1085.6,532.48,27.926
1090.8,533.24,27.928
1089.1,533.24,27.929
1090.8,532.48,27.932
1090.8,533.24,27.934
1092.6,533.24,27.935
1090.8,532.48,27.937
1087.4,532.48,27.939
1090.8,533.24,27.94
1085.6,533.24,27.942
1092.6,533.24,27.944
1090.8,532.48,27.945
1090.8,532.48,27.947
1090.8,533.24,27.949
1085.6,533.24,27.95
1089.1,533.24,27.952
1089.1,533.24,27.954
1090.8,533.24,27.955
1090.8,533.24,27.957
1087.4,533.24,27.959
1090.8,533.24,27.96
1089.1,533.24,27.962
1090.8,533.24,27.964
1092.6,533.24,27.965
1090.8,533.24,27.967
1096.1,533.24,27.969
1089.1,533.24,27.97
1089.1,533.24,27.972
1082.1,533.24,27.975
1085.6,533.24,27.976
1080.4,533.24,27.978
1083.9,533.24,27.98
1085.6,533.24,27.981
1085.6,533.24,27.983
1082.1,533.24,27.985
1083.9,533.24,27.986
1083.9,533.24,27.988
1083.9,533.24,27.99
1082.1,533.24,27.991
1083.9,533.24,27.993
1083.9,533.24,27.995
1083.9,533.24,27.996
1083.9,532.48,27.998
1083.9,526.36,28
1078.6,523.29,28.001
1059.4,517.17,28.003
1045.5,508.75,28.004
1029.8,504.16,28.006
1012.3,498.8,28.008
1005.4,492.68,28.009
991.41,490.38,28.011
998.39,491.15,28.013
1000.1,494.97,28.014
1005.4,496.51,28.017
1010.6,499.57,28.019
1017.6,502.63,28.02
1021.1,501.86,28.022
1021.1,502.63,28.024
1019.3,501.86,28.025
1014.1,499.57,28.027
1010.6,498.04,28.029
1008.9,496.51,28.03
1005.4,494.97,28.032
1003.6,495.74,28.034
1007.1,497.27,28.035
1008.9,498.04,28.037
1010.6,499.57,28.039
1010.6,500.33,28.04
1014.1,501.1,28.042
1015.8,501.86,28.044
1015.8,500.33,28.045
1010.6,499.57,28.047
1012.3,498.8,28.049
1012.3,498.04,28.05
1007.1,497.27,28.052
1008.9,497.27,28.054
1008.9,498.04,28.055
1012.3,498.8,28.057
1012.3,499.57,28.06
1014.1,500.33,28.061
1015.8,501.1,28.063
1017.6,500.33,28.065
1014.1,500.33,28.066
1014.1,500.33,28.068
1010.6,499.57,28.07
1012.3,498.8,28.071
1012.3,498.04,28.073
1015.8,498.04,28.075
1008.9,498.8,28.076
1010.6,498.8,28.078
1015.8,499.57,28.08
1012.3,500.33,28.081
1014.1,501.1,28.083
1008.9,501.1,28.085
1015.8,501.1,28.086
1015.8,500.33,28.088
1014.1,499.57,28.089
1014.1,499.57,28.091
1017.6,498.8,28.093
1012.3,498.8,28.094
1012.3,499.57,28.096
1010.6,499.57,28.098
1014.1,500.33,28.099
1014.1,500.33,28.102
1015.8,501.1,28.104
1017.6,501.1,28.105
1017.6,501.1,28.107
1015.8,500.33,28.109
1014.1,500.33,28.11
1015.8,500.33,28.112
1014.1,499.57,28.114
1014.1,499.57,28.115
1021.1,499.57,28.117
1014.1,500.33,28.119
1022.8,500.33,28.12
1014.1,500.33,28.122
1017.6,500.33,28.124
1015.8,501.1,28.125
1015.8,501.1,28.127
1010.6,500.33,28.129
1015.8,501.1,28.13
1014.1,500.33,28.132
1014.1,500.33,28.134
1014.1,500.33,28.135
1014.1,500.33,28.137
1014.1,500.33,28.139
1014.1,500.33,28.14
1008.9,501.1,28.142
1015.8,500.33,28.145
1017.6,501.1,28.146
1017.6,501.1,28.148
1017.6,501.1,28.15
1015.8,501.1,28.151
1014.1,501.1,28.153
1015.8,500.33,28.155
1015.8,500.33,28.156
1014.1,500.33,28.158
1012.3,500.33,28.16
1017.6,500.33,28.161
1017.6,501.1,28.163
1014.1,501.1,28.165
1010.6,501.1,28.166
1014.1,501.1,28.168
1022.8,501.1,28.17
1014.1,501.1,28.171
1015.8,500.33,28.173
1010.6,501.1,28.174
1015.8,500.33,28.176
1012.3,501.1,28.178
1014.1,501.1,28.179
1017.6,501.1,28.181
1015.8,501.1,28.183
1024.6,501.1,28.184
1015.8,501.1,28.187
1017.6,501.86,28.189
1019.3,501.1,28.19
1014.1,501.1,28.192
1015.8,501.1,28.194
1015.8,501.1,28.195
1017.6,501.1,28.197
1015.8,501.1,28.199
1015.8,501.1,28.2
1015.8,500.33,28.202
1014.1,501.1,28.204
1017.6,501.1,28.205
1017.6,501.86,28.207
1017.6,501.86,28.209
1017.6,501.1,28.21
1017.6,501.86,28.212
1017.6,501.1,28.214
1017.6,501.1,28.215
1014.1,501.1,28.217
1017.6,501.1,28.219
1017.6,501.1,28.22
1017.6,501.1,28.222
1017.6,501.86,28.224
1015.8,501.1,28.225
1019.3,501.86,28.227
1019.3,501.86,28.23
1015.8,501.86,28.231
1012.3,501.86,28.233
1019.3,501.86,28.235
1014.1,501.86,28.236
1017.6,501.86,28.238
1017.6,501.86,28.24
1019.3,501.1,28.241
1015.8,501.1,28.243
1017.6,501.1,28.245
1017.6,501.86,28.246
1019.3,501.86,28.248
1015.8,501.86,28.25
1015.8,501.86,28.251
1019.3,501.86,28.253
1019.3,501.86,28.255
1017.6,501.86,28.256
1017.6,501.86,28.258
1024.6,501.1,28.26
1019.3,501.86,28.261
1019.3,501.86,28.263
1021.1,501.86,28.264
1017.6,501.86,28.266
1021.1,501.86,28.268
1019.3,501.86,28.269
1019.3,502.63,28.272
1014.1,501.86,28.274
1019.3,501.86,28.275
1017.6,501.86,28.277
1019.3,501.86,28.279
1019.3,501.86,28.28
1022.8,501.86,28.282
1017.6,501.86,28.284
1019.3,502.63,28.285
1019.3,501.86,28.287
1019.3,502.63,28.289
1015.8,501.86,28.29
1021.1,501.86,28.292
1017.6,502.63,28.294
1019.3,501.86,28.295
1019.3,501.86,28.297
1022.8,501.86,28.299
1019.3,502.63,28.3
1019.3,501.86,28.302
1019.3,501.86,28.304
1019.3,501.86,28.305
1019.3,502.63,28.307
1022.8,502.63,28.309
1019.3,501.86,28.31
1017.6,502.63,28.312
1019.3,502.63,28.315
1019.3,502.63,28.316
1014.1,502.63,28.318
1019.3,502.63,28.32
1019.3,502.63,28.321
1021.1,502.63,28.323
1019.3,502.63,28.325
1021.1,502.63,28.326
1021.1,502.63,28.328
1021.1,502.63,28.33
1021.1,502.63,28.331
1019.3,502.63,28.333
1015.8,502.63,28.335
1021.1,502.63,28.336
1021.1,502.63,28.338
1026.3,502.63,28.34
1021.1,503.39,28.341
1021.1,502.63,28.343
1017.6,502.63,28.345
1021.1,502.63,28.346
1021.1,502.63,28.348
1021.1,502.63,28.349
1021.1,502.63,28.351
1019.3,502.63,28.353
1021.1,502.63,28.354
1019.3,502.63,28.356
1015.8,502.63,28.359
1017.6,502.63,28.36
1021.1,502.63,28.362
1019.3,502.63,28.364
1021.1,502.63,28.365
1021.1,502.63,28.367
1021.1,502.63,28.369
1019.3,502.63,28.37
1021.1,502.63,28.372
1022.8,502.63,28.374
1019.3,502.63,28.375
1021.1,502.63,28.377
1026.3,502.63,28.379
1022.8,502.63,28.38
1017.6,502.63,28.382
1021.1,502.63,28.384
1021.1,502.63,28.385
1021.1,503.39,28.387
1021.1,502.63,28.389
1021.1,502.63,28.39
1021.1,502.63,28.392
1021.1,502.63,28.394
1021.1,502.63,28.395
1021.1,503.39,28.397
1022.8,502.63,28.4
1021.1,503.39,28.401
1021.1,503.39,28.403
1026.3,503.39,28.405
1021.1,502.63,28.406
1021.1,502.63,28.408
1019.3,503.39,28.41
1021.1,502.63,28.411
1021.1,502.63,28.413
1022.8,502.63,28.415
1022.8,503.39,28.416
1021.1,503.39,28.418
1022.8,502.63,28.42
1014.1,503.39,28.421
1021.1,502.63,28.423
1015.8,503.39,28.425
1021.1,503.39,28.426
1022.8,503.39,28.428
1022.8,503.39,28.43
1022.8,503.39,28.431
1022.8,503.39,28.433
1019.3,503.39,28.435
1022.8,503.39,28.436
1022.8,503.39,28.438
1022.8,503.39,28.439
1022.8,503.39,28.441
1021.1,503.39,28.444
1022.8,503.39,28.445
1024.6,503.39,28.447
1026.3,503.39,28.449
1019.3,503.39,28.45
1021.1,503.39,28.452
1017.6,503.39,28.454
1022.8,503.39,28.455
1022.8,503.39,28.457
1019.3,503.39,28.459
1021.1,503.39,28.46
1022.8,503.39,28.462
1024.6,503.39,28.464
1022.8,503.39,28.465
1022.8,503.39,28.467
1021.1,503.39,28.469
1022.8,503.39,28.47
1024.6,503.39,28.472
1017.6,503.39,28.474
1015.8,503.39,28.475
1015.8,503.39,28.477
1015.8,503.39,28.479
1017.6,503.39,28.48
1015.8,503.39,28.482
1017.6,503.39,28.484
1017.6,503.39,28.486
1014.1,503.39,28.488
1017.6,503.39,28.49
1017.6,503.39,28.491
1017.6,503.39,28.493
1015.8,503.39,28.495
1014.1,503.39,28.496
1017.6,503.39,28.498
1010.6,500.33,28.5
1007.1,496.51,28.501
991.41,488.09,28.503
980.95,483.49,28.505
966.99,479.67,28.506
953.04,472.01,28.508
942.57,467.42,28.51
933.85,465.89,28.511
937.34,464.36,28.513
939.08,469.72,28.515
944.31,471.25,28.516
954.78,472.78,28.518
958.27,477.37,28.52
958.27,476.6,28.521
961.76,475.84,28.523
953.04,475.84,28.524
954.78,473.54,28.526
951.29,472.01,28.529
947.8,471.25,28.53
944.31,469.72,28.532
944.31,469.72,28.534
949.55,471.25,28.535
949.55,472.01,28.537
951.29,473.54,28.539
954.78,474.31,28.54
956.52,475.84,28.542
954.78,475.84,28.544
953.04,475.07,28.545
956.52,473.54,28.547
960.01,472.78,28.549
947.8,472.01,28.55
947.8,471.25,28.552
949.55,472.01,28.554
951.29,472.01,28.555
951.29,472.78,28.557
953.04,473.54,28.559
953.04,475.07,28.56
954.78,475.07,28.562
956.52,475.07,28.564
954.78,474.31,28.565
956.52,474.31,28.567
953.04,473.54,28.569
953.04,472.78,28.571
951.29,472.01,28.573
947.8,472.78,28.575
951.29,472.78,28.576
953.04,473.54,28.578
953.04,473.54,28.58
956.52,474.31,28.581
956.52,475.07,28.583
956.52,475.07,28.585
947.8,474.31,28.586
954.78,474.31,28.588
954.78,473.54,28.59
949.55,473.54,28.591
951.29,472.78,28.593
953.04,472.78,28.595
953.04,472.78,28.596
953.04,473.54,28.598
956.52,474.31,28.6
949.55,474.31,28.601
956.52,475.07,28.603
956.52,475.07,28.605
954.78,475.07,28.606
954.78,474.31,28.608
956.52,474.31,28.609
954.78,474.31,28.611
953.04,473.54,28.614
953.04,474.31,28.615
953.04,473.54,28.617
954.78,473.54,28.619
954.78,474.31,28.62
956.52,475.07,28.622
951.29,475.07,28.624
954.78,475.07,28.625
953.04,475.07,28.627
956.52,475.07,28.629
956.52,474.31,28.63
956.52,474.31,28.632
954.78,474.31,28.634
954.78,474.31,28.635
961.76,473.54,28.637
953.04,474.31,28.639
956.52,474.31,28.64
956.52,474.31,28.642
954.78,475.07,28.644
956.52,475.07,28.645
961.76,475.07,28.647
954.78,475.07,28.649
956.52,475.07,28.65
954.78,474.31,28.652
956.52,474.31,28.654
956.52,474.31,28.656
956.52,474.31,28.658
956.52,475.07,28.66
956.52,475.07,28.661
956.52,475.07,28.663
958.27,475.07,28.665
958.27,475.07,28.666
956.52,475.07,28.668
956.52,475.07,28.67
960.01,475.07,28.671
956.52,475.07,28.673
956.52,474.31,28.675
953.04,475.07,28.676
954.78,475.07,28.678
954.78,475.07,28.68
956.52,475.07,28.681
956.52,475.07,28.683
958.27,475.07,28.685
958.27,475.07,28.686
954.78,475.07,28.688
954.78,475.84,28.69
956.52,475.84,28.691
954.78,475.84,28.693
961.76,475.07,28.695
956.52,475.07,28.696
958.27,475.07,28.699
956.52,475.07,28.7
956.52,475.07,28.702
953.04,475.07,28.704
958.27,475.84,28.705
958.27,475.07,28.707
958.27,475.84,28.709
958.27,475.84,28.71
958.27,475.84,28.712
958.27,475.07,28.714
956.52,475.84,28.715
956.52,475.84,28.717
956.52,475.84,28.719
958.27,475.07,28.72
956.52,475.07,28.722
958.27,475.07,28.724
966.99,475.84,28.725
956.52,475.84,28.727
958.27,475.84,28.729
958.27,475.84,28.73
958.27,475.84,28.732
958.27,475.07,28.734
958.27,475.84,28.735
958.27,475.84,28.737
953.04,475.84,28.739
958.27,475.84,28.74
958.27,475.84,28.743
960.01,475.84,28.745
958.27,475.84,28.746
960.01,475.84,28.748
960.01,475.84,28.75
956.52,475.84,28.751
960.01,475.84,28.753
960.01,475.84,28.755
960.01,475.84,28.756
958.27,475.84,28.758
960.01,475.84,28.76
958.27,475.84,28.761
958.27,475.84,28.763
958.27,475.84,28.765
958.27,475.84,28.766
951.29,475.84,28.768
958.27,475.84,28.77
960.01,475.84,28.771
966.99,476.6,28.773
960.01,475.84,28.775
961.76,475.84,28.776
958.27,476.6,28.778
960.01,475.84,28.78
960.01,475.84,28.781
958.27,475.84,28.784
960.01,475.84,28.785
960.01,476.6,28.787
958.27,475.84,28.789
960.01,475.84,28.79
960.01,476.6,28.792
960.01,476.6,28.794
956.52,476.6,28.795
958.27,476.6,28.797
958.27,476.6,28.799
956.52,476.6,28.8
954.78,476.6,28.802
960.01,476.6,28.804
956.52,476.6,28.805
960.01,476.6,28.807
958.27,476.6,28.809
961.76,476.6,28.81
960.01,476.6,28.812
958.27,476.6,28.814
965.25,476.6,28.815
963.5,476.6,28.817
960.01,476.6,28.819
958.27,476.6,28.82
960.01,476.6,28.822
960.01,476.6,28.824
961.76,476.6,28.825
958.27,476.6,28.828
960.01,476.6,28.83
961.76,476.6,28.831
963.5,476.6,28.833
961.76,476.6,28.835
961.76,476.6,28.836
958.27,476.6,28.838
960.01,476.6,28.84
963.5,477.37,28.841
963.5,476.6,28.843
961.76,477.37,28.845
958.27,476.6,28.846
961.76,476.6,28.848
961.76,476.6,28.85
968.74,476.6,28.851
961.76,476.6,28.853
960.01,477.37,28.855
966.99,476.6,28.856
961.76,477.37,28.858
961.76,476.6,28.86
961.76,477.37,28.861
963.5,476.6,28.863
961.76,476.6,28.865
961.76,476.6,28.866
965.25,476.6,28.868
960.01,476.6,28.871
961.76,477.37,28.872
960.01,477.37,28.874
961.76,477.37,28.875
961.76,476.6,28.877
956.52,477.37,28.879
961.76,477.37,28.88
970.48,476.6,28.882
954.78,477.37,28.884
965.25,477.37,28.885
961.76,476.6,28.887
960.01,476.6,28.889
960.01,477.37,28.89
961.76,477.37,28.892
961.76,477.37,28.894
961.76,477.37,28.895
961.76,476.6,28.897
961.76,477.37,28.899
961.76,477.37,28.9
961.76,477.37,28.902
961.76,477.37,28.904
961.76,477.37,28.905
961.76,477.37,28.907
963.5,477.37,28.909
960.01,477.37,28.91
960.01,477.37,28.913
961.76,477.37,28.915
961.76,477.37,28.916
961.76,477.37,28.918
961.76,477.37,28.92
966.99,477.37,28.921
960.01,477.37,28.923
961.76,477.37,28.925
961.76,477.37,28.926
961.76,478.14,28.928
961.76,477.37,28.93
960.01,477.37,28.931
960.01,477.37,28.933
961.76,477.37,28.935
961.76,477.37,28.936
961.76,477.37,28.938
960.01,477.37,28.94
963.5,477.37,28.941
961.76,477.37,28.943
963.5,477.37,28.945
961.76,477.37,28.946
963.5,477.37,28.948
960.01,477.37,28.95
963.5,477.37,28.951
963.5,477.37,28.953
958.27,478.14,28.956
963.5,477.37,28.957
961.76,477.37,28.959
956.52,477.37,28.96
963.5,478.14,28.962
958.27,478.14,28.964
963.5,477.37,28.965
958.27,477.37,28.967
960.01,477.37,28.969
961.76,478.14,28.97
963.5,478.14,28.972
958.27,478.14,28.974
958.27,477.37,28.975
956.52,477.37,28.977
956.52,478.14,28.979
956.52,478.14,28.98
960.01,477.37,28.982
956.52,478.14,28.984
958.27,478.14,28.985
956.52,478.14,28.987
956.52,478.14,28.989
958.27,478.14,28.99
956.52,478.14,28.992
958.27,478.14,28.994
956.52,478.14,28.995
958.27,478.14,28.998
956.52,477.37,29
956.52,470.48,29.001
940.83,465.89,29.003
925.13,462.06,29.005
909.43,455.17,29.006
902.45,449.82,29.008
890.24,445.99,29.01
883.26,444.46,29.011
881.52,442.93,29.013
891.98,447.52,29.015
900.7,448.29,29.016
898.96,450.58,29.018
897.22,454.41,29.02
907.68,454.41,29.021
911.17,453.64,29.023
904.19,453.64,29.025
902.45,451.35,29.026
900.7,449.82,29.028
893.73,449.05,29.03
893.73,447.52,29.031
888.49,448.29,29.033
900.7,449.05,29.035
898.96,449.82,29.036
905.94,451.35,29.038
902.45,452.88,29.041
905.94,452.88,29.042
905.94,452.88,29.044
904.19,452.88,29.045
902.45,451.35,29.047
900.7,450.58,29.049
898.96,449.82,29.05
897.22,449.82,29.052
895.47,449.05,29.054
897.22,449.82,29.055
900.7,450.58,29.057
900.7,451.35,29.059
900.7,452.11,29.06
904.19,452.88,29.062
905.94,452.88,29.064
904.19,452.88,29.065
902.45,452.11,29.067
902.45,451.35,29.069
898.96,451.35,29.07
898.96,450.58,29.072
898.96,450.58,29.074
900.7,450.58,29.075
898.96,451.35,29.077
898.96,451.35,29.079
904.19,452.11,29.08
904.19,452.11,29.083
904.19,452.11,29.085
904.19,452.11,29.086
902.45,452.11,29.088
900.7,452.11,29.09
898.96,451.35,29.091
900.7,451.35,29.093
900.7,451.35,29.095
900.7,451.35,29.096
902.45,452.11,29.098
898.96,451.35,29.1
904.19,452.88,29.101
904.19,452.88,29.103
904.19,452.88,29.105
904.19,452.88,29.106
900.7,452.88,29.108
904.19,452.11,29.11
900.7,452.11,29.111
902.45,452.11,29.113
900.7,451.35,29.115
902.45,452.11,29.116
900.7,452.11,29.118
902.45,452.11,29.12
902.45,452.88,29.121
902.45,452.88,29.123
904.19,452.88,29.126
902.45,452.88,29.127
902.45,452.88,29.129
904.19,452.88,29.131
902.45,452.88,29.132
905.94,452.11,29.134
902.45,452.11,29.135
902.45,452.11,29.137
900.7,452.11,29.139
902.45,452.11,29.14
905.94,452.88,29.142
902.45,452.88,29.144
911.17,452.88,29.145
900.7,452.88,29.147
905.94,452.88,29.149
905.94,452.88,29.15
898.96,452.88,29.152
905.94,452.88,29.154
907.68,452.11,29.155
904.19,452.11,29.157
902.45,452.88,29.159
898.96,452.88,29.16
902.45,452.88,29.162
911.17,452.88,29.164
900.7,452.88,29.165
904.19,453.64,29.168
904.19,452.88,29.17
905.94,452.88,29.171
904.19,452.88,29.173
904.19,452.88,29.175
911.17,452.88,29.176
902.45,452.88,29.178
904.19,452.88,29.18
904.19,452.88,29.181
897.22,452.88,29.183
900.7,452.88,29.185
904.19,453.64,29.186
905.94,453.64,29.188
905.94,453.64,29.19
905.94,453.64,29.191
905.94,452.88,29.193
907.68,452.88,29.195
904.19,453.64,29.196
912.91,452.88,29.198
904.19,453.64,29.2
905.94,453.64,29.201
907.68,452.88,29.203
905.94,453.64,29.205
902.45,453.64,29.206
905.94,453.64,29.208
905.94,453.64,29.211
905.94,453.64,29.212
905.94,453.64,29.214
907.68,453.64,29.216
905.94,453.64,29.217
902.45,453.64,29.219
904.19,453.64,29.22
904.19,453.64,29.222
909.43,453.64,29.224
907.68,453.64,29.225
902.45,453.64,29.227
902.45,453.64,29.229
914.66,453.64,29.23
911.17,453.64,29.232
905.94,453.64,29.234
905.94,453.64,29.235
907.68,453.64,29.237
905.94,453.64,29.239
907.68,453.64,29.24
907.68,453.64,29.242
905.94,453.64,29.244
907.68,453.64,29.245
904.19,453.64,29.247
907.68,453.64,29.249
907.68,454.41,29.25
905.94,453.64,29.252
907.68,453.64,29.255
911.17,453.64,29.256
905.94,453.64,29.258
905.94,453.64,29.26
909.43,453.64,29.261
907.68,453.64,29.263
904.19,453.64,29.265
907.68,453.64,29.266
904.19,453.64,29.268
909.43,454.41,29.27
907.68,454.41,29.271
909.43,454.41,29.273
905.94,454.41,29.275
905.94,454.41,29.276
905.94,454.41,29.278
909.43,454.41,29.28
909.43,454.41,29.281
905.94,453.64,29.283
907.68,453.64,29.285
916.4,454.41,29.286
909.43,454.41,29.288
907.68,454.41,29.29
905.94,454.41,29.291
911.17,454.41,29.293
909.43,454.41,29.296
909.43,454.41,29.297
909.43,454.41,29.299
905.94,453.64,29.301
909.43,454.41,29.302
905.94,454.41,29.304
909.43,454.41,29.306
905.94,454.41,29.307
907.68,454.41,29.309
909.43,454.41,29.31
907.68,454.41,29.312
907.68,454.41,29.314
911.17,454.41,29.315
909.43,454.41,29.317
907.68,454.41,29.319
905.94,454.41,29.32
909.43,454.41,29.322
905.94,454.41,29.324
907.68,454.41,29.325
907.68,454.41,29.327
909.43,454.41,29.329
909.43,455.17,29.33
909.43,455.17,29.332
907.68,454.41,29.334
911.17,454.41,29.335
909.43,454.41,29.337
907.68,454.41,29.34
909.43,454.41,29.341
909.43,455.17,29.343
909.43,455.17,29.345
909.43,454.41,29.346
909.43,454.41,29.348
909.43,454.41,29.35
911.17,455.17,29.351
909.43,454.41,29.353
904.19,454.41,29.355
912.91,455.17,29.356
907.68,455.17,29.358
909.43,454.41,29.36
909.43,454.41,29.361
907.68,455.17,29.363
909.43,455.17,29.365
909.43,454.41,29.366
907.68,455.17,29.368
911.17,455.17,29.37
909.43,455.17,29.371
911.17,455.17,29.373
909.43,455.17,29.375
909.43,454.41,29.376
909.43,455.17,29.378
909.43,455.17,29.38
909.43,455.17,29.382
905.94,455.17,29.384
909.43,455.17,29.386
909.43,455.17,29.387
909.43,455.17,29.389
909.43,455.17,29.391
911.17,455.17,29.392
911.17,455.17,29.394
909.43,455.17,29.395
911.17,455.17,29.397
905.94,455.17,29.399
905.94,455.17,29.4
909.43,455.17,29.402
909.43,455.17,29.404
911.17,455.17,29.405
909.43,455.17,29.407
912.91,455.94,29.409
909.43,455.17,29.41
912.91,455.17,29.412
911.17,455.17,29.414
909.43,455.17,29.415
911.17,455.17,29.417
911.17,455.94,29.419
911.17,455.17,29.42
909.43,455.94,29.422
909.43,455.17,29.425
911.17,455.17,29.426
912.91,455.94,29.428
911.17,455.94,29.43
911.17,455.17,29.431
911.17,455.17,29.433
909.43,455.94,29.435
909.43,455.17,29.436
911.17,455.17,29.438
909.43,455.94,29.44
911.17,455.94,29.441
911.17,455.17,29.443
914.66,455.94,29.445
907.68,455.94,29.446
911.17,455.94,29.448
911.17,455.94,29.45
911.17,455.94,29.451
911.17,455.17,29.453
907.68,455.17,29.455
911.17,455.94,29.456
909.43,455.94,29.458
911.17,455.94,29.46
912.91,455.94,29.461
912.91,455.94,29.463
911.17,455.94,29.465
912.91,455.94,29.467
912.91,455.94,29.469
911.17,455.94,29.471
907.68,455.94,29.472
904.19,455.94,29.474
905.94,455.94,29.476
904.19,455.94,29.477
907.68,455.94,29.479
905.94,455.94,29.48
905.94,455.94,29.482
909.43,455.94,29.484
909.43,455.94,29.485
905.94,455.94,29.487
905.94,455.94,29.489
909.43,455.94,29.49
905.94,455.94,29.492
911.17,455.94,29.494
905.94,455.94,29.495
904.19,455.94,29.497
907.68,451.35,29.499
890.24,448.29,29.5
888.49,441.4,29.502
864.07,435.27,29.504
857.09,431.45,29.505
846.63,426.09,29.507
832.67,421.5,29.51
825.69,417.67,29.511
815.23,413.84,29.513
820.46,414.61,29.515
823.95,419.97,29.516
827.44,419.97,29.518
832.67,421.5,29.52
836.16,425.32,29.521
841.39,424.56,29.523
841.39,424.56,29.525
839.65,425.32,29.526
836.16,422.26,29.528
832.67,421.5,29.53
830.93,419.97,29.531
832.67,419.2,29.533
827.44,419.2,29.535
829.18,420.73,29.536
830.93,421.5,29.538
834.42,423.03,29.54
837.91,423.03,29.541
837.91,423.79,29.543
839.65,424.56,29.545
837.91,423.03,29.546
837.91,422.26,29.548
836.16,422.26,29.55
837.91,421.5,29.552
830.93,420.73,29.554
830.93,420.73,29.556
829.18,421.5,29.557
832.67,422.26,29.559
836.16,423.03,29.561
836.16,423.03,29.562
837.91,423.79,29.564
839.65,423.79,29.566
839.65,423.79,29.567
834.42,423.03,29.569
836.16,422.26,29.57
834.42,422.26,29.572
832.67,421.5,29.574
832.67,421.5,29.575
832.67,422.26,29.577
834.42,422.26,29.579
834.42,423.03,29.58
837.91,423.79,29.582
839.65,423.79,29.584
839.65,423.79,29.585
837.91,423.79,29.587
841.39,423.03,29.589
839.65,423.03,29.59
834.42,422.26,29.592
837.91,422.26,29.595
832.67,422.26,29.596
836.16,423.03,29.598
837.91,423.03,29.6
834.42,423.03,29.601
837.91,423.79,29.603
834.42,423.79,29.605
837.91,423.79,29.606
839.65,423.79,29.608
837.91,423.79,29.61
836.16,423.79,29.611
834.42,423.03,29.613
837.91,423.03,29.615
834.42,423.03,29.616
836.16,423.03,29.618
836.16,423.79,29.62
839.65,423.79,29.621
837.91,423.79,29.623
839.65,424.56,29.625
836.16,423.79,29.626
837.91,424.56,29.628
839.65,424.56,29.63
837.91,423.79,29.631
837.91,423.79,29.633
836.16,423.79,29.635
839.65,423.79,29.636
836.16,423.79,29.639
841.39,423.79,29.641
839.65,423.79,29.642
837.91,424.56,29.644
839.65,424.56,29.646
837.91,424.56,29.647
841.39,424.56,29.649
837.91,424.56,29.651
837.91,424.56,29.652
841.39,424.56,29.654
839.65,423.79,29.655
837.91,423.79,29.657
834.42,423.79,29.659
837.91,423.79,29.66
836.16,424.56,29.662
837.91,424.56,29.664
841.39,424.56,29.665
839.65,424.56,29.667
837.91,424.56,29.669
841.39,424.56,29.67
839.65,424.56,29.672
839.65,424.56,29.674
836.16,424.56,29.675
837.91,424.56,29.677
837.91,424.56,29.68
844.88,424.56,29.681
839.65,424.56,29.683
839.65,424.56,29.685
837.91,424.56,29.686
843.14,424.56,29.688
839.65,425.32,29.69
839.65,425.32,29.691
839.65,425.32,29.693
839.65,424.56,29.695
837.91,425.32,29.696
843.14,425.32,29.698
841.39,424.56,29.7
839.65,424.56,29.701
841.39,424.56,29.703
841.39,425.32,29.705
841.39,425.32,29.706
839.65,425.32,29.708
839.65,425.32,29.71
841.39,425.32,29.711
834.42,425.32,29.713
841.39,425.32,29.715
841.39,425.32,29.716
841.39,425.32,29.718
841.39,425.32,29.72
837.91,425.32,29.721
843.14,425.32,29.724
841.39,425.32,29.726
836.16,425.32,29.727
839.65,425.32,29.729
839.65,425.32,29.731
843.14,425.32,29.732
839.65,425.32,29.734
839.65,425.32,29.736
843.14,425.32,29.737
841.39,425.32,29.739
841.39,425.32,29.741
848.37,425.32,29.742
846.63,425.32,29.744
841.39,425.32,29.745
841.39,426.09,29.747
843.14,425.32,29.749
837.91,425.32,29.75
841.39,425.32,29.752
843.14,426.09,29.754
843.14,425.32,29.755
848.37,426.09,29.757
839.65,425.32,29.759
836.16,426.09,29.76
841.39,426.09,29.762
843.14,425.32,29.764
843.14,426.09,29.766
841.39,426.09,29.768
843.14,426.09,29.77
844.88,426.09,29.771
844.88,426.09,29.773
841.39,426.09,29.775
837.91,426.09,29.776
844.88,426.09,29.778
843.14,426.09,29.78
841.39,426.09,29.781
843.14,425.32,29.783
841.39,426.09,29.785
844.88,426.09,29.786
844.88,426.09,29.788
843.14,426.09,29.79
843.14,426.09,29.791
841.39,426.09,29.793
843.14,426.09,29.795
843.14,426.09,29.796
841.39,426.85,29.798
843.14,426.09,29.8
844.88,426.09,29.801
843.14,426.09,29.803
839.65,426.09,29.805
841.39,426.09,29.806
843.14,426.09,29.809
846.63,426.09,29.811
844.88,426.09,29.812
844.88,426.09,29.814
843.14,426.85,29.816
843.14,426.09,29.817
846.63,426.85,29.819
844.88,426.85,29.821
843.14,426.09,29.822
846.63,426.85,29.824
843.14,426.09,29.826
844.88,426.85,29.827
844.88,426.85,29.829
839.65,426.85,29.83
846.63,426.85,29.832
844.88,426.85,29.834
844.88,426.85,29.835
843.14,426.85,29.837
843.14,426.85,29.839
843.14,426.85,29.84
844.88,426.85,29.842
844.88,426.85,29.844
850.12,426.85,29.845
844.88,426.85,29.847
848.37,426.85,29.849
843.14,426.85,29.851
841.39,426.85,29.853
844.88,426.85,29.855
843.14,426.85,29.856
844.88,426.85,29.858
844.88,426.85,29.86
844.88,426.85,29.861
844.88,426.85,29.863
844.88,426.85,29.865
844.88,426.85,29.866
844.88,427.62,29.868
848.37,427.62,29.87
846.63,426.85,29.871
844.88,426.85,29.873
844.88,427.62,29.875
843.14,426.85,29.876
844.88,426.85,29.878
846.63,427.62,29.88
844.88,426.85,29.881
846.63,427.62,29.883
844.88,426.85,29.885
846.63,426.85,29.886
844.88,427.62,29.888
844.88,427.62,29.89
844.88,427.62,29.891
851.86,427.62,29.894
846.63,427.62,29.896
844.88,427.62,29.897
846.63,427.62,29.899
846.63,427.62,29.901
846.63,427.62,29.902
848.37,427.62,29.904
846.63,427.62,29.906
844.88,427.62,29.907
846.63,427.62,29.909
846.63,427.62,29.911
843.14,427.62,29.912
846.63,427.62,29.914
844.88,427.62,29.915
844.88,427.62,29.917
846.63,427.62,29.919
846.63,427.62,29.92
846.63,427.62,29.922
851.86,427.62,29.924
846.63,427.62,29.925
844.88,427.62,29.927
848.37,427.62,29.929
846.63,427.62,29.93
846.63,427.62,29.932
848.37,427.62,29.934
848.37,427.62,29.936
846.63,427.62,29.938
846.63,427.62,29.94
846.63,428.38,29.941
846.63,428.38,29.943
844.88,427.62,29.945
846.63,427.62,29.946
846.63,428.38,29.948
848.37,427.62,29.95
850.12,427.62,29.951
846.63,427.62,29.953
841.39,428.38,29.955
844.88,427.62,29.956
848.37,427.62,29.958
846.63,427.62,29.96
844.88,428.38,29.961
848.37,427.62,29.963
846.63,428.38,29.965
848.37,427.62,29.966
851.86,428.38,29.968
841.39,428.38,29.97
846.63,427.62,29.971
843.14,428.38,29.973
843.14,427.62,29.975
843.14,427.62,29.976
844.88,428.38,29.979
839.65,428.38,29.981
841.39,428.38,29.982
843.14,428.38,29.984
843.14,428.38,29.986
843.14,428.38,29.987
843.14,428.38,29.989
843.14,428.38,29.991
841.39,428.38,29.992
843.14,428.38,29.994
843.14,428.38,29.996
843.14,428.38,29.997
846.63,428.38,29.999
843.14,426.85,30.001
834.42,422.26,30.002
818.72,415.37,30.004
811.74,412.31,30.005
801.27,406.95,30.007
787.32,400.83,30.009
780.34,397.77,30.01
783.83,397,30.012
776.85,395.47,30.014
780.34,398.53,30.015
780.34,400.83,30.017
787.32,402.36,30.019
794.3,406.19,30.02
790.81,406.19,30.023
792.55,404.66,30.025
792.55,405.42,30.026
792.55,402.36,30.028
787.32,401.6,30.03
783.83,400.83,30.031
783.83,399.3,30.033
782.08,400.06,30.035
785.57,400.83,30.036
790.81,402.36,30.038
796.04,403.13,30.04
792.55,403.89,30.041
797.78,404.66,30.043
792.55,403.89,30.045
790.81,403.89,30.046
790.81,403.13,30.048
789.06,402.36,30.05
787.32,401.6,30.051
787.32,400.83,30.053
783.83,400.83,30.055
787.32,401.6,30.056
790.81,402.36,30.058
794.3,403.13,30.06
789.06,403.89,30.061
792.55,403.89,30.064
796.04,403.89,30.066
790.81,403.89,30.067
792.55,403.13,30.069
790.81,403.13,30.071
789.06,402.36,30.072
790.81,402.36,30.074
787.32,402.36,30.076
789.06,401.6,30.077
796.04,403.13,30.079
789.06,403.89,30.081
789.06,403.89,30.082
792.55,403.89,30.084
803.02,404.66,30.086
792.55,403.89,30.087
787.32,403.89,30.089
787.32,403.13,30.09
790.81,403.13,30.092
787.32,403.13,30.094
790.81,402.36,30.095
792.55,403.13,30.097
789.06,403.13,30.099
799.53,403.13,30.1
792.55,403.89,30.102
789.06,404.66,30.104
792.55,404.66,30.105
792.55,404.66,30.108
792.55,403.89,30.11
799.53,403.89,30.111
792.55,403.89,30.113
792.55,403.89,30.115
787.32,403.13,30.116
790.81,403.89,30.118
789.06,403.13,30.12
789.06,403.89,30.121
790.81,404.66,30.123
790.81,404.66,30.125
792.55,404.66,30.126
794.3,404.66,30.128
792.55,403.89,30.13
790.81,403.89,30.131
789.06,403.89,30.133
790.81,403.89,30.135
787.32,403.89,30.136
794.3,403.89,30.138
790.81,403.89,30.14
792.55,403.89,30.141
792.55,404.66,30.143
792.55,404.66,30.145
792.55,404.66,30.146
794.3,404.66,30.148
792.55,404.66,30.151
794.3,404.66,30.152
792.55,404.66,30.154
792.55,404.66,30.156
785.57,403.89,30.157
790.81,403.89,30.159
792.55,403.89,30.161
799.53,404.66,30.162
792.55,404.66,30.164
792.55,404.66,30.166
789.06,404.66,30.167
794.3,404.66,30.169
790.81,404.66,30.171
794.3,404.66,30.172
794.3,404.66,30.174
794.3,404.66,30.176
792.55,404.66,30.177
792.55,404.66,30.179
792.55,404.66,30.18
794.3,404.66,30.182
789.06,404.66,30.184
790.81,404.66,30.185
796.04,404.66,30.187
794.3,405.42,30.189
790.81,404.66,30.19
794.3,404.66,30.193
792.55,404.66,30.195
792.55,404.66,30.196
794.3,404.66,30.198
794.3,404.66,30.2
792.55,404.66,30.201
796.04,404.66,30.203
796.04,404.66,30.205
794.3,405.42,30.206
794.3,404.66,30.208
794.3,405.42,30.21
792.55,405.42,30.211
794.3,405.42,30.213
796.04,405.42,30.215
797.78,405.42,30.216
794.3,405.42,30.218
794.3,405.42,30.22
794.3,405.42,30.221
794.3,405.42,30.223
794.3,405.42,30.225
796.04,405.42,30.226
797.78,405.42,30.228
794.3,405.42,30.23
796.04,405.42,30.231
792.55,405.42,30.233
796.04,405.42,30.236
796.04,405.42,30.237
794.3,405.42,30.239
797.78,405.42,30.241
792.55,405.42,30.242
796.04,405.42,30.244
796.04,405.42,30.246
796.04,406.19,30.247
797.78,405.42,30.249
796.04,405.42,30.251
797.78,406.19,30.252
794.3,405.42,30.254
799.53,405.42,30.256
797.78,406.19,30.257
796.04,405.42,30.259
790.81,405.42,30.261
794.3,406.19,30.262
796.04,405.42,30.264
797.78,405.42,30.265
797.78,405.42,30.267
796.04,405.42,30.269
797.78,406.19,30.27
797.78,406.19,30.272
797.78,405.42,30.274
796.04,406.19,30.275
794.3,406.19,30.278
796.04,406.19,30.28
801.27,405.42,30.281
797.78,406.19,30.283
803.02,406.19,30.285
797.78,406.19,30.286
796.04,406.19,30.288
794.3,406.19,30.29
796.04,405.42,30.291
790.81,406.19,30.293
797.78,406.19,30.295
796.04,406.19,30.296
794.3,405.42,30.298
797.78,406.19,30.3
803.02,406.19,30.301
796.04,406.19,30.303
796.04,406.19,30.305
797.78,406.19,30.306
796.04,406.19,30.308
797.78,406.19,30.31
794.3,406.19,30.311
796.04,406.95,30.313
797.78,406.19,30.315
797.78,406.19,30.316
796.04,406.19,30.318
796.04,406.19,30.321
797.78,406.19,30.322
797.78,406.19,30.324
797.78,406.19,30.326
801.27,406.19,30.327
799.53,406.19,30.329
803.02,406.19,30.331
797.78,406.19,30.332
797.78,406.19,30.334
797.78,406.19,30.336
794.3,406.95,30.337
796.04,406.95,30.339
797.78,406.19,30.341
797.78,406.95,30.342
799.53,406.19,30.344
797.78,406.95,30.346
799.53,406.95,30.347
797.78,406.95,30.349
803.02,406.19,30.35
797.78,406.95,30.352
801.27,406.19,30.354
794.3,406.95,30.355
799.53,406.95,30.357
792.55,406.95,30.359
796.04,406.19,30.36
797.78,406.95,30.363
797.78,406.95,30.365
797.78,406.19,30.366
792.55,406.19,30.368
799.53,406.95,30.37
797.78,406.95,30.371
799.53,406.95,30.373
797.78,406.95,30.375
799.53,406.95,30.376
796.04,406.95,30.378
797.78,406.95,30.38
799.53,406.95,30.381
799.53,406.95,30.383
796.04,406.95,30.385
799.53,406.95,30.386
799.53,406.95,30.388
799.53,406.95,30.39
799.53,406.95,30.391
799.53,406.95,30.393
799.53,406.95,30.395
803.02,406.95,30.396
796.04,406.95,30.398
797.78,406.95,30.4
796.04,406.95,30.401
794.3,406.95,30.403
799.53,406.95,30.406
796.04,406.95,30.407
799.53,406.95,30.409
799.53,406.95,30.411
796.04,406.95,30.412
799.53,406.95,30.414
803.02,406.95,30.416
799.53,406.95,30.417
799.53,406.95,30.419
799.53,406.95,30.421
797.78,406.95,30.422
799.53,406.95,30.424
799.53,406.95,30.426
799.53,406.95,30.427
806.51,406.95,30.429
799.53,406.95,30.431
799.53,406.95,30.432
799.53,407.72,30.434
799.53,406.95,30.436
799.53,406.95,30.437
801.27,406.95,30.439
797.78,407.72,30.44
799.53,407.72,30.442
799.53,407.72,30.444
799.53,407.72,30.445
799.53,407.72,30.448
796.04,407.72,30.45
794.3,407.72,30.451
799.53,407.72,30.453
797.78,407.72,30.455
806.51,407.72,30.456
801.27,407.72,30.458
799.53,407.72,30.46
799.53,407.72,30.461
804.76,406.95,30.463
799.53,407.72,30.465
799.53,407.72,30.466
801.27,407.72,30.468
801.27,407.72,30.47
799.53,407.72,30.471
796.04,407.72,30.473
796.04,407.72,30.475
797.78,407.72,30.476
794.3,407.72,30.478
794.3,407.72,30.48
796.04,407.72,30.481
792.55,407.72,30.483
796.04,406.95,30.485
799.53,407.72,30.486
803.02,407.72,30.488
797.78,407.72,30.491
797.78,408.48,30.492
789.06,407.72,30.494
796.04,407.72,30.496
796.04,407.72,30.497
799.53,407.72,30.499
794.3,406.95,30.501
790.81,401.6,30.502
782.08,398.53,30.504
769.87,393.94,30.506
759.41,387.82,30.507
748.94,383.99,30.509
740.22,379.4,30.511
733.24,378.63,30.512
734.99,378.63,30.514
738.47,380.93,30.516
747.2,382.46,30.517
745.45,384.76,30.519
752.43,387.82,30.521
754.17,387.82,30.522
757.66,387.05,30.524
752.43,386.29,30.525
752.43,384.76,30.527
743.71,383.99,30.529
745.45,382.46,30.53
741.96,381.7,30.532
741.96,381.7,30.535
745.45,383.23,30.536
747.2,383.99,30.538
745.45,385.52,30.54
747.2,386.29,30.541
755.92,386.29,30.543
754.17,386.29,30.545
750.69,385.52,30.546
747.2,384.76,30.548
755.92,383.99,30.55
747.2,383.23,30.551
745.45,382.46,30.553
743.71,383.23,30.555
745.45,383.99,30.556
754.17,384.76,30.558
748.94,385.52,30.56
752.43,385.52,30.561
750.69,386.29,30.563
752.43,386.29,30.565
752.43,386.29,30.566
748.94,385.52,30.568
745.45,384.76,30.57
745.45,384.76,30.571
747.2,383.99,30.573
750.69,383.99,30.576
747.2,384.76,30.577
745.45,384.76,30.579
745.45,385.52,30.581
750.69,385.52,30.582
752.43,385.52,30.584
750.69,386.29,30.586
750.69,385.52,30.587
747.2,385.52,30.589
748.94,385.52,30.591
748.94,385.52,30.592
748.94,384.76,30.594
745.45,384.76,30.596
741.96,384.76,30.597
748.94,384.76,30.599
740.22,385.52,30.601
750.69,385.52,30.602
750.69,386.29,30.604
755.92,386.29,30.606
750.69,386.29,30.607
750.69,386.29,30.609
747.2,385.52,30.611
745.45,385.52,30.612
750.69,385.52,30.614
748.94,384.76,30.615
748.94,385.52,30.617
748.94,385.52,30.62
750.69,385.52,30.621
750.69,386.29,30.623
748.94,386.29,30.625
748.94,386.29,30.626
750.69,386.29,30.628
750.69,386.29,30.63
750.69,386.29,30.631
750.69,386.29,30.633
750.69,385.52,30.635
752.43,385.52,30.636
750.69,386.29,30.638
750.69,385.52,30.64
750.69,385.52,30.641
752.43,386.29,30.643
754.17,386.29,30.645
750.69,386.29,30.646
759.41,386.29,30.648
754.17,386.29,30.65
750.69,386.29,30.651
745.45,386.29,30.653
754.17,386.29,30.655
750.69,386.29,30.656
750.69,386.29,30.658
752.43,386.29,30.66
750.69,386.29,30.662
750.69,386.29,30.664
752.43,386.29,30.666
755.92,387.05,30.667
752.43,386.29,30.669
752.43,386.29,30.671
752.43,386.29,30.672
752.43,386.29,30.674
752.43,386.29,30.676
750.69,386.29,30.677
752.43,386.29,30.679
755.92,386.29,30.681
752.43,386.29,30.682
754.17,386.29,30.684
752.43,387.05,30.686
750.69,387.05,30.687
754.17,387.05,30.689
754.17,387.05,30.691
752.43,387.05,30.692
752.43,387.05,30.694
752.43,386.29,30.696
757.66,386.29,30.697
752.43,386.29,30.699
748.94,386.29,30.7
750.69,387.05,30.702
752.43,387.05,30.705
752.43,387.05,30.706
752.43,387.05,30.708
754.17,387.05,30.71
754.17,387.05,30.711
754.17,387.05,30.713
752.43,387.05,30.715
752.43,387.05,30.716
750.69,387.05,30.718
750.69,386.29,30.72
752.43,387.05,30.721
752.43,387.05,30.723
754.17,387.05,30.725
754.17,387.05,30.726
750.69,387.05,30.728
752.43,387.05,30.73
752.43,387.05,30.731
754.17,387.05,30.733
750.69,387.05,30.735
754.17,387.05,30.736
752.43,387.05,30.738
750.69,387.05,30.74
755.92,387.05,30.741
754.17,387.82,30.743
748.94,387.05,30.745
754.17,387.05,30.747
754.17,387.05,30.749
755.92,387.05,30.751
754.17,387.05,30.752
755.92,387.82,30.754
754.17,387.05,30.756
754.17,387.05,30.757
754.17,387.05,30.759
750.69,387.05,30.761
754.17,387.82,30.762
755.92,387.82,30.764
750.69,387.05,30.766
755.92,387.82,30.767
761.15,387.82,30.769
755.92,387.82,30.771
755.92,387.05,30.772
757.66,387.05,30.774
754.17,387.82,30.776
755.92,387.82,30.777
754.17,387.82,30.779
754.17,387.82,30.781
748.94,387.82,30.782
755.92,387.82,30.784
755.92,387.82,30.785
757.66,387.82,30.787
755.92,387.82,30.79
755.92,387.82,30.791
754.17,387.82,30.793
755.92,387.82,30.795
752.43,387.82,30.796
755.92,387.82,30.798
755.92,387.82,30.8
754.17,387.82,30.801
755.92,387.82,30.803
754.17,387.82,30.805
755.92,387.82,30.806
755.92,387.82,30.808
752.43,387.82,30.81
755.92,387.82,30.811
755.92,387.82,30.813
755.92,387.82,30.815
752.43,387.82,30.816
755.92,387.82,30.818
755.92,387.82,30.82
755.92,387.82,30.821
755.92,387.82,30.823
755.92,387.82,30.825
755.92,387.82,30.826
755.92,387.82,30.828
757.66,387.82,30.83
757.66,387.82,30.832
755.92,387.82,30.834
757.66,387.82,30.836
755.92,387.82,30.837
755.92,388.58,30.839
755.92,388.58,30.841
757.66,387.82,30.842
757.66,388.58,30.844
755.92,387.82,30.846
757.66,387.82,30.847
755.92,387.82,30.849
759.41,387.82,30.851
757.66,388.58,30.852
757.66,388.58,30.854
755.92,388.58,30.856
757.66,388.58,30.857
757.66,388.58,30.859
755.92,387.82,30.861
755.92,388.58,30.862
757.66,388.58,30.864
755.92,387.82,30.866
757.66,388.58,30.867
757.66,388.58,30.869
757.66,388.58,30.871
757.66,388.58,30.872
755.92,388.58,30.875
762.9,388.58,30.876
755.92,388.58,30.878
755.92,388.58,30.88
755.92,388.58,30.881
754.17,388.58,30.883
757.66,388.58,30.885
755.92,388.58,30.886
757.66,388.58,30.888
757.66,388.58,30.89
757.66,388.58,30.891
759.41,388.58,30.893
757.66,388.58,30.895
754.17,388.58,30.896
755.92,388.58,30.898
755.92,388.58,30.9
755.92,388.58,30.901
762.9,388.58,30.903
757.66,388.58,30.905
757.66,388.58,30.906
757.66,388.58,30.908
759.41,388.58,30.91
757.66,388.58,30.911
761.15,388.58,30.913
757.66,388.58,30.915
757.66,389.35,30.916
757.66,388.58,30.919
757.66,388.58,30.921
757.66,389.35,30.922
757.66,388.58,30.924
759.41,388.58,30.926
759.41,388.58,30.927
757.66,388.58,30.929
757.66,388.58,30.931
757.66,389.35,30.932
759.41,389.35,30.934
757.66,388.58,30.936
757.66,389.35,30.937
748.94,388.58,30.939
755.92,388.58,30.941
761.15,389.35,30.942
759.41,389.35,30.944
757.66,389.35,30.946
757.66,389.35,30.947
752.43,389.35,30.949
759.41,389.35,30.951
757.66,388.58,30.952
757.66,389.35,30.954
752.43,389.35,30.956
754.17,388.58,30.957
768.13,389.35,30.96
757.66,389.35,30.961
757.66,389.35,30.963
757.66,389.35,30.965
759.41,388.58,30.966
757.66,389.35,30.968
759.41,389.35,30.97
757.66,389.35,30.971
754.17,389.35,30.973
752.43,389.35,30.975
754.17,389.35,30.976
755.92,389.35,30.978
754.17,389.35,30.98
752.43,390.11,30.981
754.17,389.35,30.983
754.17,389.35,30.985
752.43,389.35,30.986
748.94,389.35,30.988
754.17,389.35,30.99
754.17,389.35,30.991
752.43,389.35,30.993
754.17,389.35,30.995
752.43,389.35,30.996
754.17,389.35,30.998
752.43,389.35,31
752.43,386.29,31.001
741.96,383.23,31.004
731.5,376.34,31.006
722.78,371.75,31.007
698.35,368.68,31.009
700.1,363.33,31.011
698.35,362.56,31.012
696.61,363.33,31.014
703.59,365.62,31.016
701.84,367.15,31.017
707.08,368.68,31.019
714.05,370.98,31.021
717.54,371.75,31.022
715.8,370.98,31.024
712.31,370.21,31.026
710.56,369.45,31.027
710.56,367.92,31.029
703.59,366.39,31.031
708.82,365.62,31.032
705.33,366.39,31.034
707.08,367.15,31.036
705.33,367.92,31.037
707.08,369.45,31.039
710.56,370.21,31.041
708.82,370.21,31.042
710.56,370.21,31.044
712.31,370.21,31.047
708.82,368.68,31.048
707.08,367.92,31.05
714.05,367.92,31.051
703.59,367.92,31.053
707.08,367.15,31.055
710.56,367.92,31.056
710.56,368.68,31.058
712.31,369.45,31.06
705.33,369.45,31.061
712.31,370.21,31.063
714.05,370.21,31.065
708.82,369.45,31.066
714.05,369.45,31.068
710.56,368.68,31.07
710.56,368.68,31.071
705.33,367.92,31.073
714.05,367.92,31.075
708.82,368.68,31.076
708.82,368.68,31.078
708.82,369.45,31.08
712.31,369.45,31.081
712.31,369.45,31.083
714.05,370.21,31.085
710.56,370.21,31.086
705.33,369.45,31.089
708.82,369.45,31.091
710.56,368.68,31.092
714.05,368.68,31.094
707.08,368.68,31.096
710.56,369.45,31.097
707.08,369.45,31.099
712.31,369.45,31.101
717.54,370.21,31.102
714.05,370.21,31.104
714.05,370.21,31.106
714.05,370.21,31.107
712.31,370.21,31.109
714.05,369.45,31.111
708.82,369.45,31.112
717.54,369.45,31.114
710.56,369.45,31.116
712.31,369.45,31.117
712.31,369.45,31.119
708.82,369.45,31.121
707.08,370.21,31.122
714.05,370.21,31.124
710.56,370.21,31.126
717.54,370.21,31.127
708.82,370.21,31.129
712.31,369.45,31.132
721.03,369.45,31.133
712.31,369.45,31.135
712.31,369.45,31.136
712.31,369.45,31.138
717.54,369.45,31.14
705.33,369.45,31.141
710.56,370.21,31.143
714.05,370.21,31.145
715.8,370.21,31.146
715.8,370.21,31.148
707.08,370.21,31.15
714.05,370.21,31.151
714.05,370.21,31.153
714.05,370.21,31.155
712.31,370.21,31.156
710.56,370.21,31.158
714.05,370.21,31.16
714.05,370.21,31.161
710.56,370.21,31.163
714.05,370.21,31.165
714.05,370.21,31.166
715.8,370.98,31.168
712.31,370.21,31.17
717.54,370.98,31.171
714.05,370.21,31.174
712.31,370.21,31.176
721.03,370.21,31.177
712.31,370.21,31.179
714.05,370.21,31.181
714.05,370.21,31.182
714.05,370.21,31.184
707.08,370.21,31.186
714.05,370.98,31.187
715.8,370.98,31.189
714.05,370.21,31.191
715.8,370.98,31.192
714.05,370.21,31.194
710.56,370.21,31.196
714.05,370.98,31.197
715.8,370.21,31.199
715.8,370.21,31.201
714.05,370.98,31.202
714.05,370.98,31.204
714.05,370.98,31.206
715.8,370.98,31.207
715.8,370.98,31.209
714.05,370.98,31.211
715.8,370.98,31.212
715.8,370.98,31.214
714.05,370.98,31.217
717.54,370.98,31.218
714.05,370.98,31.22
715.8,370.98,31.221
715.8,370.98,31.223
715.8,370.98,31.225
717.54,370.98,31.226
714.05,370.98,31.228
717.54,370.98,31.23
719.29,370.98,31.231
715.8,371.75,31.233
717.54,370.98,31.235
714.05,370.98,31.236
715.8,370.98,31.238
717.54,370.98,31.24
714.05,370.98,31.241
715.8,370.98,31.243
715.8,370.98,31.245
717.54,370.98,31.246
712.31,370.98,31.248
719.29,370.98,31.25
710.56,370.98,31.251
715.8,370.98,31.253
717.54,370.98,31.255
715.8,370.98,31.256
715.8,371.75,31.259
715.8,370.98,31.261
715.8,370.98,31.262
715.8,371.75,31.264
715.8,371.75,31.266
717.54,371.75,31.267
714.05,370.98,31.269
726.26,370.98,31.271
717.54,370.98,31.272
717.54,371.75,31.274
717.54,371.75,31.276
714.05,371.75,31.277
717.54,371.75,31.279
717.54,370.98,31.281
717.54,370.98,31.282
722.78,370.98,31.284
717.54,370.98,31.286
717.54,371.75,31.287
717.54,370.98,31.289
719.29,371.75,31.291
717.54,371.75,31.292
717.54,371.75,31.294
717.54,371.75,31.296
715.8,370.98,31.297
717.54,371.75,31.299
722.78,371.75,31.302
719.29,371.75,31.303
717.54,371.75,31.305
717.54,370.98,31.307
717.54,370.98,31.308
715.8,371.75,31.31
717.54,371.75,31.311
717.54,371.75,31.313
717.54,371.75,31.315
717.54,372.51,31.316
714.05,371.75,31.318
719.29,371.75,31.32
717.54,371.75,31.321
724.52,371.75,31.323
719.29,371.75,31.325
712.31,371.75,31.326
719.29,371.75,31.328
717.54,371.75,31.33
717.54,371.75,31.331
717.54,371.75,31.333
719.29,371.75,31.335
721.03,371.75,31.336
717.54,371.75,31.338
721.03,371.75,31.34
717.54,371.75,31.341
717.54,371.75,31.344
717.54,371.75,31.346
717.54,371.75,31.347
719.29,371.75,31.349
714.05,371.75,31.351
719.29,371.75,31.352
714.05,371.75,31.354
717.54,372.51,31.356
719.29,372.51,31.357
717.54,371.75,31.359
719.29,371.75,31.361
717.54,372.51,31.362
714.05,372.51,31.364
719.29,372.51,31.366
728.01,371.75,31.367
715.8,371.75,31.369
719.29,371.75,31.371
715.8,371.75,31.372
719.29,371.75,31.374
721.03,372.51,31.376
719.29,372.51,31.377
719.29,371.75,31.379
719.29,372.51,31.381
712.31,372.51,31.382
721.03,372.51,31.384
719.29,372.51,31.387
719.29,372.51,31.388
719.29,372.51,31.39
719.29,372.51,31.392
719.29,372.51,31.393
721.03,372.51,31.395
719.29,372.51,31.396
715.8,372.51,31.398
717.54,372.51,31.4
721.03,371.75,31.401
717.54,372.51,31.403
717.54,372.51,31.405
719.29,372.51,31.406
715.8,372.51,31.408
721.03,372.51,31.41
717.54,372.51,31.411
721.03,372.51,31.413
719.29,372.51,31.415
719.29,372.51,31.416
717.54,372.51,31.418
719.29,372.51,31.42
719.29,372.51,31.421
721.03,372.51,31.423
715.8,372.51,31.425
719.29,372.51,31.426
721.03,372.51,31.428
721.03,372.51,31.431
719.29,372.51,31.432
715.8,372.51,31.434
719.29,372.51,31.436
717.54,372.51,31.437
719.29,372.51,31.439
719.29,372.51,31.441
715.8,372.51,31.442
719.29,372.51,31.444
719.29,372.51,31.446
719.29,372.51,31.447
719.29,372.51,31.449
721.03,372.51,31.451
721.03,372.51,31.452
717.54,373.28,31.454
722.78,372.51,31.456
717.54,372.51,31.457
717.54,372.51,31.459
719.29,373.28,31.461
719.29,372.51,31.462
721.03,373.28,31.464
721.03,373.28,31.466
721.03,373.28,31.467
721.03,373.28,31.469
721.03,372.51,31.472
715.8,373.28,31.473
717.54,373.28,31.475
717.54,373.28,31.477
717.54,372.51,31.478
717.54,373.28,31.48
715.8,373.28,31.482
715.8,373.28,31.483
714.05,373.28,31.485
715.8,373.28,31.486
717.54,372.51,31.488
717.54,373.28,31.49
715.8,373.28,31.491
717.54,373.28,31.493
714.05,373.28,31.495
714.05,373.28,31.496
717.54,373.28,31.498
722.78,373.28,31.5
715.8,371.75,31.501
710.56,367.92,31.503
698.35,361.79,31.505
684.4,358.73,31.506
679.17,354.14,31.508
668.7,348.78,31.51
663.47,348.78,31.511
663.47,348.78,31.513
665.21,351.08,31.516
673.93,352.61,31.517
677.42,354.14,31.519
680.91,356.44,31.521
682.65,357.97,31.522
682.65,356.44,31.524
684.4,356.44,31.526
677.42,354.91,31.527
679.17,353.38,31.529
672.19,352.61,31.531
672.19,351.84,31.532
672.19,351.84,31.534
672.19,352.61,31.536
673.93,354.14,31.537
677.42,354.91,31.539
679.17,355.67,31.541
680.91,356.44,31.542
682.65,356.44,31.544
679.17,355.67,31.546
677.42,354.91,31.547
677.42,354.14,31.549
675.68,353.38,31.551
673.93,352.61,31.552
675.68,352.61,31.554
675.68,353.38,31.556
675.68,354.14,31.558
677.42,354.91,31.56
680.91,355.67,31.562
680.91,355.67,31.563
680.91,355.67,31.565
680.91,355.67,31.567
680.91,354.91,31.568
677.42,354.91,31.57
680.91,354.14,31.571
675.68,353.38,31.573
677.42,354.14,31.575
677.42,354.14,31.576
679.17,354.14,31.578
677.42,354.91,31.58
680.91,355.67,31.581
679.17,355.67,31.583
680.91,355.67,31.585
680.91,354.91,31.586
679.17,355.67,31.588
679.17,354.91,31.59
677.42,354.91,31.591
677.42,354.14,31.593
677.42,354.14,31.595
675.68,354.14,31.596
679.17,354.91,31.598
679.17,354.91,31.601
680.91,355.67,31.602
679.17,355.67,31.604
686.14,355.67,31.606
680.91,355.67,31.607
679.17,355.67,31.609
679.17,355.67,31.611
677.42,355.67,31.612
677.42,354.91,31.614
677.42,354.91,31.616
679.17,354.91,31.617
680.91,354.91,31.619
679.17,355.67,31.621
673.93,355.67,31.622
679.17,355.67,31.624
680.91,355.67,31.626
680.91,355.67,31.627
680.91,355.67,31.629
679.17,355.67,31.631
679.17,355.67,31.632
677.42,355.67,31.634
680.91,355.67,31.636
679.17,355.67,31.637
679.17,355.67,31.639
677.42,355.67,31.641
680.91,355.67,31.643
679.17,355.67,31.645
679.17,356.44,31.647
682.65,356.44,31.648
680.91,355.67,31.65
679.17,355.67,31.652
679.17,355.67,31.653
684.4,355.67,31.655
680.91,355.67,31.656
680.91,355.67,31.658
679.17,355.67,31.66
680.91,355.67,31.661
680.91,355.67,31.663
680.91,356.44,31.665
680.91,356.44,31.666
684.4,356.44,31.668
679.17,356.44,31.67
682.65,356.44,31.671
680.91,355.67,31.673
680.91,356.44,31.675
687.89,356.44,31.676
680.91,355.67,31.678
679.17,355.67,31.68
679.17,356.44,31.681
682.65,355.67,31.683
684.4,356.44,31.686
680.91,356.44,31.687
686.14,356.44,31.689
680.91,356.44,31.691
680.91,356.44,31.692
691.38,356.44,31.694
680.91,356.44,31.696
682.65,355.67,31.697
680.91,356.44,31.699
682.65,356.44,31.701
680.91,356.44,31.702
679.17,356.44,31.704
677.42,356.44,31.706
684.4,356.44,31.707
682.65,356.44,31.709
682.65,356.44,31.711
687.89,355.67,31.712
682.65,356.44,31.714
682.65,356.44,31.716
682.65,356.44,31.717
680.91,356.44,31.719
680.91,356.44,31.721
680.91,356.44,31.722
682.65,356.44,31.724
684.4,356.44,31.726
682.65,356.44,31.728
682.65,356.44,31.73
682.65,356.44,31.732
682.65,356.44,31.733
687.89,356.44,31.735
682.65,356.44,31.737
684.4,356.44,31.738
684.4,356.44,31.74
682.65,356.44,31.742
682.65,356.44,31.743
682.65,356.44,31.745
682.65,357.2,31.746
682.65,356.44,31.748
682.65,356.44,31.75
689.63,357.2,31.751
682.65,357.2,31.753
682.65,356.44,31.755
682.65,357.2,31.756
682.65,356.44,31.758
680.91,356.44,31.76
680.91,356.44,31.761
684.4,357.2,31.763
680.91,356.44,31.765
686.14,356.44,31.766
682.65,357.2,31.768
684.4,357.2,31.771
684.4,357.2,31.772
682.65,357.2,31.774
682.65,357.2,31.776
689.63,356.44,31.777
682.65,357.2,31.779
684.4,357.2,31.781
682.65,357.2,31.782
682.65,357.2,31.784
684.4,357.2,31.786
684.4,357.2,31.787
684.4,357.2,31.789
686.14,357.2,31.791
682.65,357.2,31.792
684.4,357.2,31.794
680.91,357.2,31.796
682.65,357.2,31.797
682.65,357.2,31.799
684.4,357.2,31.801
684.4,357.2,31.802
684.4,357.2,31.804
691.38,357.2,31.806
687.89,357.2,31.807
684.4,357.2,31.809
684.4,357.2,31.811
686.14,357.2,31.812
682.65,357.2,31.815
686.14,357.2,31.817
682.65,357.2,31.818
682.65,357.2,31.82
680.91,357.2,31.822
684.4,357.2,31.823
679.17,357.2,31.825
684.4,357.2,31.827
684.4,357.97,31.828
684.4,357.97,31.83
684.4,357.2,31.831
684.4,357.2,31.833
686.14,357.2,31.835
686.14,357.97,31.836
684.4,357.97,31.838
684.4,357.2,31.84
684.4,357.2,31.841
686.14,357.2,31.843
686.14,357.2,31.845
686.14,357.2,31.846
684.4,357.97,31.848
684.4,357.2,31.85
679.17,357.2,31.851
684.4,357.2,31.853
684.4,357.97,31.856
686.14,357.97,31.857
679.17,357.2,31.859
684.4,357.2,31.861
686.14,357.97,31.862
684.4,357.2,31.864
684.4,357.97,31.866
684.4,357.2,31.867
691.38,357.97,31.869
686.14,357.97,31.871
684.4,357.97,31.872
686.14,357.97,31.874
684.4,357.97,31.876
684.4,357.2,31.877
686.14,357.97,31.879
686.14,357.97,31.881
682.65,357.97,31.882
686.14,357.97,31.884
687.89,357.97,31.886
684.4,357.97,31.887
686.14,357.97,31.889
684.4,357.2,31.891
686.14,357.97,31.892
680.91,357.97,31.894
686.14,357.97,31.896
686.14,357.97,31.897
686.14,357.97,31.9
686.14,357.97,31.902
694.86,357.97,31.903
686.14,357.97,31.905
684.4,357.97,31.907
686.14,357.2,31.908
686.14,357.97,31.91
680.91,357.97,31.912
686.14,357.97,31.913
687.89,357.97,31.915
686.14,357.97,31.917
686.14,357.97,31.918
687.89,357.97,31.92
682.65,357.97,31.921
684.4,357.97,31.923
686.14,357.97,31.925
687.89,357.97,31.926
686.14,357.97,31.928
686.14,357.97,31.93
686.14,357.97,31.931
687.89,357.97,31.933
691.38,357.97,31.935
687.89,357.97,31.936
686.14,357.97,31.938
684.4,358.73,31.94
686.14,357.97,31.942
686.14,357.97,31.944
686.14,357.97,31.946
689.63,357.97,31.947
686.14,357.97,31.949
687.89,357.97,31.951
687.89,357.97,31.952
686.14,358.73,31.954
687.89,357.97,31.956
679.17,358.73,31.957
686.14,357.97,31.959
687.89,358.73,31.961
686.14,357.97,31.962
682.65,358.73,31.964
686.14,358.73,31.966
687.89,358.73,31.967
687.89,358.73,31.969
693.12,358.73,31.971
682.65,358.73,31.972
680.91,357.97,31.974
684.4,358.73,31.976
682.65,357.97,31.977
682.65,358.73,31.979
684.4,358.73,31.981
680.91,358.73,31.982
684.4,358.73,31.985
682.65,357.97,31.987
682.65,358.73,31.988
682.65,358.73,31.99
682.65,358.73,31.992
682.65,358.73,31.993
682.65,358.73,31.995
682.65,358.73,31.997
682.65,358.73,31.998
682.65,358.73,32
686.14,358.73,32.002
677.42,352.61,32.003
670.44,349.55,32.005
659.98,345.72,32.006
647.77,340.36,32.008
637.3,336.54,32.01
639.04,336.54,32.011
633.81,335.77,32.013
637.3,338.07,32.015
644.28,341.13,32.016
647.77,341.13,32.018
651.25,343.43,32.02
651.25,344.96,32.021
654.74,343.43,32.023
651.25,343.43,32.025
649.51,342.66,32.027
644.28,340.36,32.029
640.79,339.6,32.031
640.79,338.83,32.032
640.79,338.83,32.034
644.28,339.6,32.036
642.53,341.13,32.037
651.25,341.89,32.039
651.25,341.89,32.041
651.25,343.43,32.042
654.74,342.66,32.044
651.25,342.66,32.046
647.77,341.89,32.047
647.77,341.13,32.049
646.02,340.36,32.051
644.28,340.36,32.052
635.56,340.36,32.054
642.53,340.36,32.056
647.77,341.13,32.057
647.77,341.89,32.059
649.51,341.89,32.061
649.51,342.66,32.062
649.51,342.66,32.064
649.51,342.66,32.066
649.51,341.89,32.067
651.25,341.13,32.07
647.77,341.13,32.072
646.02,341.13,32.073
646.02,340.36,32.075
647.77,341.13,32.077
646.02,341.13,32.078
647.77,341.89,32.08
649.51,341.89,32.082
649.51,342.66,32.083
647.77,342.66,32.085
646.02,342.66,32.087
649.51,342.66,32.088
647.77,341.89,32.09
647.77,341.13,32.091
646.02,341.13,32.093
644.28,341.13,32.095
642.53,341.13,32.096
647.77,341.89,32.098
647.77,341.89,32.1
656.49,342.66,32.101
647.77,342.66,32.103
651.25,342.66,32.105
649.51,342.66,32.106
649.51,341.89,32.108
642.53,342.66,32.11
649.51,341.89,32.112
647.77,341.89,32.114
651.25,341.13,32.116
651.25,341.89,32.117
647.77,341.89,32.119
656.49,341.89,32.121
649.51,342.66,32.122
649.51,342.66,32.124
649.51,342.66,32.126
651.25,341.89,32.127
649.51,342.66,32.129
646.02,342.66,32.131
651.25,342.66,32.132
649.51,341.89,32.134
649.51,341.89,32.136
647.77,341.89,32.137
647.77,342.66,32.139
649.51,342.66,32.141
649.51,342.66,32.142
651.25,342.66,32.144
651.25,342.66,32.146
651.25,342.66,32.147
651.25,342.66,32.149
656.49,342.66,32.151
651.25,342.66,32.152
651.25,342.66,32.155
651.25,342.66,32.157
649.51,342.66,32.158
647.77,342.66,32.16
651.25,342.66,32.162
642.53,342.66,32.163
649.51,342.66,32.165
651.25,343.43,32.167
651.25,342.66,32.168
649.51,343.43,32.17
651.25,342.66,32.172
651.25,342.66,32.173
649.51,342.66,32.175
649.51,342.66,32.177
649.51,342.66,32.178
651.25,342.66,32.18
651.25,342.66,32.181
651.25,342.66,32.183
653,342.66,32.185
649.51,343.43,32.186
651.25,342.66,32.188
651.25,343.43,32.19
651.25,343.43,32.191
647.77,343.43,32.193
651.25,342.66,32.195
651.25,342.66,32.196
646.02,343.43,32.199
651.25,342.66,32.201
651.25,342.66,32.202
651.25,342.66,32.204
654.74,342.66,32.206
651.25,343.43,32.207
649.51,343.43,32.209
651.25,343.43,32.211
651.25,343.43,32.212
649.51,343.43,32.214
649.51,343.43,32.216
651.25,342.66,32.217
653,343.43,32.219
651.25,343.43,32.221
651.25,343.43,32.222
651.25,343.43,32.224
653,343.43,32.226
653,343.43,32.227
653,343.43,32.229
656.49,343.43,32.231
651.25,343.43,32.232
653,343.43,32.234
647.77,342.66,32.236
651.25,343.43,32.237
658.23,343.43,32.24
656.49,343.43,32.242
651.25,343.43,32.243
653,343.43,32.245
649.51,343.43,32.247
651.25,343.43,32.248
644.28,343.43,32.25
653,343.43,32.252
653,343.43,32.253
654.74,343.43,32.255
653,343.43,32.257
653,344.19,32.258
653,343.43,32.26
653,343.43,32.262
651.25,343.43,32.263
658.23,343.43,32.265
651.25,343.43,32.266
654.74,343.43,32.268
653,343.43,32.27
651.25,343.43,32.271
651.25,343.43,32.273
654.74,344.19,32.275
651.25,343.43,32.276
653,344.19,32.278
651.25,343.43,32.28
651.25,343.43,32.281
651.25,344.19,32.284
653,344.19,32.286
651.25,343.43,32.287
651.25,344.19,32.289
653,343.43,32.291
653,344.19,32.292
651.25,344.19,32.294
654.74,343.43,32.296
651.25,343.43,32.297
649.51,344.19,32.299
654.74,344.19,32.301
654.74,344.19,32.302
654.74,344.19,32.304
651.25,344.19,32.306
653,344.19,32.307
653,344.19,32.309
654.74,344.19,32.311
653,344.19,32.312
654.74,344.19,32.314
651.25,344.19,32.316
654.74,344.19,32.317
653,344.19,32.319
651.25,344.19,32.321
649.51,344.19,32.322
653,344.19,32.324
654.74,344.19,32.327
653,344.19,32.328
658.23,344.19,32.33
653,344.19,32.332
654.74,344.19,32.333
654.74,344.19,32.335
654.74,344.19,32.337
651.25,344.19,32.338
653,344.19,32.34
653,344.19,32.342
653,344.19,32.343
653,344.19,32.345
661.72,344.19,32.347
653,344.19,32.348
653,344.19,32.35
654.74,344.19,32.352
654.74,344.19,32.353
653,344.19,32.355
654.74,344.19,32.356
653,344.19,32.358
651.25,344.96,32.36
653,344.19,32.361
653,344.19,32.363
654.74,344.19,32.365
656.49,344.19,32.366
656.49,344.19,32.369
658.23,344.19,32.371
653,344.19,32.372
653,344.19,32.374
654.74,344.19,32.376
654.74,344.96,32.377
653,344.96,32.379
654.74,344.96,32.381
654.74,344.19,32.382
653,344.19,32.384
658.23,344.19,32.386
654.74,344.19,32.387
651.25,344.19,32.389
654.74,344.96,32.391
653,344.19,32.392
651.25,344.19,32.394
653,344.19,32.396
653,344.96,32.397
653,344.19,32.399
653,344.19,32.401
656.49,344.96,32.402
654.74,344.19,32.404
654.74,344.96,32.406
653,344.96,32.407
653,344.96,32.409
654.74,344.96,32.412
653,344.19,32.413
651.25,344.96,32.415
656.49,344.19,32.417
654.74,344.96,32.418
656.49,344.96,32.42
654.74,344.96,32.422
665.21,344.96,32.423
654.74,344.96,32.425
656.49,344.96,32.427
654.74,344.96,32.428
654.74,344.96,32.43
653,344.96,32.432
661.72,344.96,32.433
656.49,344.96,32.435
656.49,344.96,32.437
651.25,344.96,32.438
656.49,344.96,32.44
656.49,344.96,32.441
656.49,344.96,32.443
654.74,344.96,32.445
656.49,344.96,32.446
654.74,344.96,32.448
654.74,344.96,32.45
654.74,344.96,32.451
651.25,344.96,32.454
654.74,345.72,32.456
654.74,344.96,32.457
656.49,344.96,32.459
656.49,344.96,32.461
656.49,344.96,32.462
659.98,344.96,32.464
654.74,344.96,32.466
654.74,344.96,32.467
656.49,345.72,32.469
654.74,344.96,32.471
649.51,344.96,32.472
653,344.96,32.474
653,344.96,32.476
651.25,344.96,32.477
651.25,344.96,32.479
651.25,344.96,32.481
651.25,344.96,32.482
654.74,344.96,32.484
651.25,345.72,32.486
651.25,344.96,32.487
651.25,345.72,32.489
651.25,344.96,32.491
653,345.72,32.492
651.25,344.96,32.494
651.25,344.96,32.497
653,345.72,32.498
651.25,344.96,32.5
656.49,344.96,32.502
649.51,341.13,32.503
637.3,338.07,32.505
630.32,333.48,32.507
619.86,328.88,32.508
605.9,325.06,32.51
607.64,324.29,32.512
609.39,324.29,32.513
612.88,326.59,32.515
616.37,328.88,32.517
614.62,329.65,32.518
623.34,331.94,32.52
628.58,333.48,32.522
623.34,331.94,32.523
619.86,331.18,32.525
621.6,330.41,32.526
618.11,328.88,32.528
616.37,328.12,32.53
614.62,326.59,32.531
616.37,327.35,32.533
616.37,328.12,32.535
618.11,328.88,32.536
619.86,330.41,32.539
621.6,331.18,32.541
625.09,331.18,32.542
626.83,331.18,32.544
621.6,330.41,32.546
621.6,330.41,32.547
619.86,329.65,32.549
612.88,328.88,32.551
618.11,328.88,32.552
612.88,328.12,32.554
626.83,328.88,32.556
616.37,329.65,32.557
619.86,329.65,32.559
621.6,330.41,32.561
623.34,331.18,32.562
621.6,330.41,32.564
621.6,331.18,32.566
621.6,330.41,32.567
621.6,329.65,32.569
619.86,329.65,32.571
618.11,328.88,32.572
616.37,329.65,32.574
619.86,329.65,32.576
618.11,329.65,32.577
621.6,330.41,32.579
619.86,330.41,32.582
623.34,331.18,32.583
623.34,331.18,32.585
621.6,331.18,32.587
621.6,330.41,32.588
621.6,330.41,32.59
619.86,329.65,32.592
618.11,329.65,32.593
621.6,330.41,32.595
628.58,329.65,32.597
619.86,330.41,32.598
621.6,329.65,32.6
621.6,330.41,32.602
621.6,331.18,32.603
623.34,331.18,32.605
623.34,331.18,32.607
623.34,331.18,32.608
616.37,330.41,32.61
628.58,330.41,32.612
619.86,330.41,32.613
619.86,330.41,32.615
621.6,330.41,32.616
621.6,330.41,32.618
621.6,330.41,32.62
623.34,331.18,32.621
621.6,331.18,32.624
621.6,331.18,32.626
630.32,330.41,32.627
628.58,331.18,32.629
623.34,331.18,32.631
623.34,330.41,32.632
621.6,330.41,32.634
621.6,330.41,32.636
618.11,330.41,32.637
623.34,330.41,32.639
621.6,330.41,32.641
619.86,331.18,32.642
621.6,331.18,32.644
623.34,331.18,32.646
623.34,331.18,32.647
623.34,331.18,32.649
621.6,331.18,32.651
621.6,331.18,32.652
621.6,330.41,32.654
623.34,331.18,32.656
621.6,331.18,32.657
621.6,330.41,32.659
623.34,331.18,32.661
623.34,331.18,32.662
625.09,331.18,32.664
623.34,331.18,32.667
621.6,331.18,32.668
625.09,331.18,32.67
618.11,331.18,32.672
621.6,331.18,32.673
623.34,331.18,32.675
623.34,331.18,32.677
618.11,331.18,32.678
623.34,331.18,32.68
614.62,331.18,32.682
621.6,331.18,32.683
623.34,331.18,32.685
630.32,331.18,32.687
623.34,331.94,32.688
621.6,331.18,32.69
623.34,331.18,32.692
623.34,331.18,32.693
623.34,331.18,32.695
623.34,331.18,32.697
619.86,331.18,32.698
623.34,331.18,32.7
625.09,331.18,32.701
623.34,331.18,32.703
623.34,331.18,32.705
623.34,331.18,32.706
621.6,331.18,32.708
623.34,331.18,32.711
623.34,331.18,32.712
625.09,331.18,32.714
630.32,331.94,32.716
625.09,331.94,32.717
625.09,331.18,32.719
623.34,331.18,32.721
623.34,331.18,32.722
621.6,331.18,32.724
623.34,331.94,32.726
621.6,331.94,32.727
623.34,331.94,32.729
623.34,331.94,32.731
623.34,331.94,32.732
623.34,331.94,32.734
623.34,331.94,32.736
625.09,331.18,32.737
623.34,331.18,32.739
625.09,331.18,32.741
623.34,331.94,32.742
621.6,331.94,32.744
623.34,331.94,32.746
623.34,331.94,32.747
625.09,331.94,32.749
625.09,331.94,32.752
623.34,331.18,32.753
621.6,331.94,32.755
623.34,331.94,32.757
618.11,331.94,32.758
625.09,331.94,32.76
623.34,331.94,32.762
623.34,331.94,32.763
623.34,331.94,32.765
623.34,331.94,32.767
621.6,331.94,32.768
625.09,331.94,32.77
625.09,331.94,32.772
623.34,331.94,32.773
628.58,331.94,32.775
625.09,332.71,32.777
623.34,331.94,32.778
632.07,331.94,32.78
625.09,332.71,32.782
625.09,331.94,32.783
625.09,331.94,32.785
625.09,331.94,32.787
623.34,332.71,32.788
623.34,331.94,32.79
628.58,331.94,32.791
625.09,331.94,32.793
623.34,331.94,32.796
625.09,331.94,32.797
625.09,331.94,32.799
632.07,331.94,32.801
625.09,331.94,32.802
623.34,331.94,32.804
623.34,331.94,32.806
626.83,331.94,32.807
623.34,331.94,32.809
625.09,331.94,32.811
625.09,331.94,32.812
621.6,332.71,32.814
625.09,331.94,32.816
625.09,331.94,32.817
626.83,332.71,32.819
625.09,332.71,32.821
623.34,331.94,32.822
625.09,331.94,32.824
625.09,331.94,32.826
625.09,331.94,32.827
623.34,332.71,32.829
625.09,332.71,32.831
623.34,332.71,32.832
623.34,332.71,32.834
625.09,332.71,32.836
625.09,332.71,32.838
626.83,332.71,32.84
619.86,332.71,32.842
625.09,332.71,32.843
625.09,332.71,32.845
625.09,332.71,32.847
625.09,332.71,32.848
626.83,332.71,32.85
625.09,332.71,32.852
625.09,332.71,32.853
626.83,332.71,32.855
626.83,332.71,32.857
632.07,332.71,32.858
626.83,332.71,32.86
623.34,332.71,32.862
625.09,331.94,32.863
626.83,332.71,32.865
626.83,332.71,32.867
625.09,332.71,32.868
628.58,332.71,32.87
632.07,332.71,32.872
626.83,332.71,32.873
625.09,332.71,32.875
623.34,332.71,32.876
626.83,332.71,32.878
621.6,332.71,32.881
626.83,332.71,32.882
625.09,332.71,32.884
626.83,332.71,32.886
628.58,332.71,32.887
625.09,332.71,32.889
626.83,332.71,32.891
628.58,332.71,32.892
626.83,332.71,32.894
626.83,332.71,32.896
626.83,332.71,32.897
626.83,332.71,32.899
626.83,332.71,32.901
625.09,332.71,32.902
626.83,332.71,32.904
630.32,332.71,32.906
626.83,331.94,32.907
626.83,332.71,32.909
632.07,332.71,32.911
633.81,332.71,32.912
626.83,332.71,32.914
626.83,332.71,32.916
626.83,333.48,32.917
626.83,332.71,32.919
625.09,332.71,32.921
628.58,333.48,32.923
626.83,333.48,32.925
625.09,332.71,32.927
621.6,333.48,32.928
628.58,332.71,32.93
618.11,333.48,32.932
626.83,333.48,32.933
625.09,332.71,32.935
626.83,332.71,32.937
626.83,333.48,32.938
633.81,333.48,32.94
626.83,333.48,32.942
626.83,333.48,32.943
625.09,332.71,32.945
626.83,332.71,32.947
630.32,332.71,32.948
628.58,333.48,32.95
626.83,333.48,32.952
628.58,332.71,32.953
626.83,333.48,32.955
630.32,333.48,32.957
626.83,333.48,32.958
626.83,333.48,32.96
625.09,333.48,32.961
625.09,333.48,32.963
630.32,332.71,32.966
626.83,333.48,32.967
626.83,333.48,32.969
626.83,333.48,32.971
623.34,333.48,32.972
625.09,333.48,32.974
625.09,333.48,32.976
619.86,333.48,32.977
625.09,333.48,32.979
626.83,333.48,32.981
625.09,333.48,32.982
623.34,333.48,32.984
623.34,333.48,32.986
623.34,333.48,32.987
623.34,333.48,32.989
619.86,333.48,32.991
625.09,334.24,32.992
619.86,333.48,32.994
623.34,333.48,32.996
625.09,333.48,32.997
625.09,333.48,32.999
623.34,333.48,33.001
625.09,331.18,33.002
623.34,327.35,33.004
604.16,321.99,33.006
593.69,318.17,33.008
586.71,315.11,33.01
576.25,310.51,33.012
574.5,310.51,33.013
576.25,310.51,33.015
576.25,312.04,33.017
577.99,314.34,33.018
588.46,315.87,33.02
591.95,318.17,33.022
590.2,318.93,33.023
591.95,317.4,33.025
591.95,316.64,33.027
586.71,315.87,33.028
586.71,314.34,33.03
579.73,313.57,33.032
579.73,312.81,33.033
581.48,313.57,33.035
577.99,314.34,33.037
586.71,315.11,33.038
584.97,315.87,33.04
591.95,316.64,33.042
590.2,317.4,33.043
590.2,316.64,33.045
588.46,316.64,33.047
595.43,316.64,33.048
590.2,315.11,33.051
583.22,314.34,33.052
583.22,314.34,33.054
584.97,314.34,33.056
583.22,314.34,33.057
583.22,315.11,33.059
586.71,315.87,33.061
584.97,315.87,33.062
588.46,316.64,33.064
586.71,316.64,33.066
588.46,316.64,33.067
588.46,315.87,33.069
586.71,315.11,33.071
591.95,315.11,33.072
583.22,315.11,33.074
584.97,315.11,33.076
584.97,315.11,33.077
586.71,315.87,33.079
577.99,315.87,33.081
586.71,315.87,33.082
586.71,316.64,33.084
588.46,316.64,33.086
588.46,316.64,33.087
586.71,315.87,33.089
584.97,315.87,33.091
586.71,315.87,33.092
584.97,315.11,33.095
584.97,315.11,33.097
584.97,315.87,33.098
586.71,315.87,33.1
586.71,315.87,33.102
584.97,316.64,33.103
586.71,316.64,33.105
590.2,316.64,33.107
586.71,316.64,33.108
588.46,316.64,33.11
588.46,316.64,33.112
586.71,315.87,33.113
584.97,315.87,33.115
581.48,315.87,33.117
591.95,315.87,33.118
588.46,316.64,33.12
586.71,315.87,33.122
588.46,316.64,33.123
579.73,316.64,33.125
588.46,316.64,33.127
588.46,316.64,33.128
590.2,316.64,33.13
588.46,315.87,33.132
588.46,315.87,33.133
586.71,315.87,33.136
590.2,316.64,33.137
586.71,316.64,33.139
586.71,316.64,33.141
588.46,316.64,33.142
588.46,316.64,33.144
586.71,316.64,33.146
586.71,316.64,33.147
588.46,316.64,33.149
588.46,316.64,33.151
590.2,316.64,33.152
590.2,316.64,33.154
588.46,316.64,33.156
588.46,316.64,33.157
586.71,316.64,33.159
588.46,316.64,33.161
586.71,316.64,33.162
584.97,316.64,33.164
586.71,316.64,33.166
590.2,316.64,33.167
588.46,316.64,33.169
588.46,317.4,33.171
588.46,316.64,33.172
588.46,316.64,33.174
590.2,316.64,33.176
591.95,316.64,33.177
595.43,316.64,33.18
583.22,316.64,33.182
588.46,316.64,33.183
588.46,317.4,33.185
595.43,316.64,33.187
588.46,316.64,33.188
588.46,316.64,33.19
590.2,316.64,33.192
590.2,316.64,33.193
588.46,317.4,33.195
588.46,316.64,33.197
588.46,316.64,33.198
588.46,316.64,33.2
590.2,317.4,33.202
591.95,316.64,33.203
588.46,317.4,33.205
590.2,316.64,33.207
588.46,317.4,33.208
590.2,316.64,33.21
588.46,317.4,33.212
590.2,316.64,33.213
591.95,317.4,33.215
590.2,316.64,33.217
591.95,317.4,33.218
591.95,317.4,33.22
588.46,316.64,33.223
595.43,316.64,33.224
590.2,317.4,33.226
588.46,316.64,33.227
590.2,317.4,33.229
590.2,317.4,33.231
591.95,317.4,33.232
590.2,317.4,33.234
591.95,317.4,33.236
586.71,317.4,33.237
591.95,317.4,33.239
590.2,317.4,33.241
590.2,317.4,33.242
590.2,317.4,33.244
593.69,317.4,33.246
591.95,317.4,33.247
590.2,317.4,33.249
590.2,317.4,33.251
590.2,317.4,33.252
590.2,317.4,33.254
584.97,317.4,33.256
590.2,317.4,33.257
590.2,317.4,33.259
590.2,317.4,33.261
590.2,317.4,33.262
590.2,317.4,33.265
591.95,317.4,33.267
591.95,317.4,33.268
590.2,317.4,33.27
586.71,317.4,33.272
591.95,317.4,33.273
591.95,318.17,33.275
588.46,318.17,33.277
590.2,317.4,33.278
590.2,317.4,33.28
590.2,317.4,33.282
590.2,317.4,33.283
590.2,317.4,33.285
591.95,318.17,33.287
590.2,318.17,33.288
593.69,317.4,33.29
598.92,317.4,33.292
590.2,317.4,33.293
588.46,318.17,33.295
591.95,318.17,33.297
591.95,318.17,33.298
590.2,317.4,33.3
591.95,318.17,33.302
591.95,317.4,33.303
591.95,318.17,33.305
591.95,318.17,33.308
591.95,318.17,33.309
591.95,318.17,33.311
591.95,318.17,33.312
591.95,318.17,33.314
591.95,318.17,33.316
593.69,318.17,33.317
591.95,318.17,33.319
591.95,317.4,33.321
590.2,318.17,33.322
590.2,318.17,33.324
591.95,318.17,33.326
588.46,318.17,33.327
591.95,318.17,33.329
591.95,318.17,33.331
591.95,318.17,33.332
590.2,318.17,33.334
591.95,318.17,33.336
595.43,318.17,33.337
593.69,318.17,33.339
590.2,318.17,33.341
591.95,318.17,33.342
588.46,318.17,33.344
591.95,318.17,33.346
590.2,318.17,33.347
590.2,318.17,33.35
590.2,318.17,33.352
591.95,318.17,33.353
590.2,318.17,33.355
591.95,318.17,33.357
593.69,318.17,33.358
588.46,318.17,33.36
591.95,318.17,33.362
586.71,318.17,33.363
597.18,318.17,33.365
586.71,318.17,33.367
588.46,318.17,33.368
588.46,318.93,33.37
591.95,318.17,33.372
591.95,318.17,33.373
593.69,318.17,33.375
591.95,318.17,33.377
593.69,318.17,33.378
591.95,318.17,33.38
591.95,318.93,33.382
593.69,318.93,33.383
591.95,318.17,33.385
591.95,318.17,33.387
591.95,318.93,33.388
591.95,318.17,33.39
593.69,318.17,33.393
591.95,318.17,33.394
591.95,318.17,33.396
593.69,318.17,33.397
591.95,318.93,33.399
595.43,318.93,33.401
588.46,318.17,33.402
593.69,318.93,33.404
593.69,318.17,33.406
593.69,318.17,33.407
590.2,318.17,33.409
591.95,318.17,33.411
593.69,318.93,33.412
593.69,318.17,33.414
593.69,318.17,33.416
590.2,318.17,33.417
591.95,318.93,33.419
593.69,318.93,33.421
590.2,318.93,33.422
591.95,318.93,33.424
593.69,318.93,33.426
597.18,318.93,33.427
591.95,318.93,33.429
593.69,318.93,33.431
595.43,318.93,33.432
593.69,318.93,33.435
593.69,318.93,33.437
593.69,318.17,33.438
590.2,318.17,33.44
591.95,318.93,33.442
593.69,318.93,33.443
591.95,318.93,33.445
591.95,318.93,33.447
591.95,318.93,33.448
595.43,318.93,33.45
590.2,318.93,33.452
595.43,318.93,33.453
595.43,318.93,33.455
595.43,318.93,33.457
593.69,318.93,33.458
591.95,318.93,33.46
593.69,318.93,33.462
591.95,318.93,33.463
597.18,318.93,33.465
595.43,318.93,33.467
593.69,318.93,33.468
595.43,318.93,33.47
591.95,318.93,33.472
590.2,318.93,33.473
590.2,318.93,33.475
590.2,318.93,33.478
590.2,318.93,33.479
590.2,318.93,33.481
588.46,318.93,33.483
586.71,318.93,33.484
591.95,318.93,33.486
591.95,318.93,33.487
591.95,318.93,33.489
590.2,318.93,33.491
590.2,318.93,33.492
590.2,318.93,33.494
590.2,318.93,33.496
591.95,318.93,33.497
590.2,318.93,33.499
588.46,318.93,33.501
593.69,318.93,33.502
595.43,318.17,33.504
584.97,313.57,33.506
577.99,308.98,33.507
565.78,305.92,33.509
555.31,302.09,33.511
553.57,301.33,33.512
551.82,302.09,33.514
555.31,302.86,33.516
558.8,305.16,33.517
564.03,307.45,33.52
571.01,308.22,33.522
571.01,309.75,33.523
569.27,308.98,33.525
569.27,308.22,33.527
569.27,307.45,33.528
562.29,305.92,33.53
560.55,304.39,33.532
551.82,304.39,33.533
558.8,304.39,33.535
560.55,305.16,33.537
562.29,305.92,33.538
564.03,306.69,33.54
567.52,307.45,33.542
569.27,308.22,33.543
569.27,308.22,33.545
564.03,307.45,33.547
565.78,307.45,33.548
562.29,306.69,33.55
562.29,305.92,33.552
562.29,305.92,33.553
560.55,305.16,33.555
562.29,305.92,33.557
564.03,305.92,33.558
567.52,306.69,33.56
567.52,307.45,33.563
562.29,307.45,33.564
565.78,307.45,33.566
571.01,307.45,33.568
565.78,307.45,33.569
565.78,306.69,33.571
565.78,305.92,33.572
562.29,305.92,33.574
560.55,305.92,33.576
562.29,305.92,33.577
572.76,306.69,33.579
565.78,306.69,33.581
565.78,307.45,33.582
567.52,307.45,33.584
565.78,307.45,33.586
567.52,307.45,33.587
565.78,307.45,33.589
567.52,306.69,33.591
562.29,306.69,33.592
565.78,306.69,33.594
564.03,306.69,33.596
565.78,305.92,33.597
565.78,306.69,33.599
565.78,306.69,33.601
565.78,307.45,33.602
565.78,307.45,33.604
565.78,307.45,33.607
567.52,307.45,33.608
565.78,307.45,33.61
564.03,307.45,33.612
565.78,306.69,33.613
567.52,307.45,33.615
567.52,306.69,33.617
565.78,306.69,33.618
565.78,306.69,33.62
565.78,306.69,33.622
564.03,307.45,33.623
567.52,307.45,33.625
567.52,307.45,33.627
567.52,307.45,33.628
565.78,307.45,33.63
567.52,307.45,33.632
567.52,307.45,33.633
569.27,307.45,33.635
565.78,307.45,33.637
564.03,306.69,33.638
564.03,307.45,33.64
565.78,307.45,33.642
567.52,307.45,33.643
567.52,307.45,33.645
567.52,307.45,33.648
569.27,307.45,33.649
567.52,307.45,33.651
569.27,307.45,33.653
567.52,307.45,33.654
567.52,307.45,33.656
565.78,307.45,33.658
567.52,307.45,33.659
565.78,307.45,33.661
567.52,307.45,33.662
567.52,307.45,33.664
569.27,307.45,33.666
567.52,307.45,33.667
571.01,307.45,33.669
567.52,308.22,33.671
567.52,307.45,33.672
567.52,307.45,33.674
567.52,307.45,33.676
565.78,308.22,33.677
558.8,307.45,33.679
569.27,307.45,33.681
562.29,307.45,33.682
567.52,307.45,33.684
569.27,308.22,33.686
569.27,307.45,33.687
576.25,308.22,33.689
569.27,307.45,33.692
567.52,307.45,33.693
567.52,307.45,33.695
567.52,307.45,33.697
567.52,307.45,33.698
567.52,307.45,33.7
569.27,307.45,33.702
560.55,308.22,33.703
569.27,307.45,33.705
569.27,308.22,33.707
569.27,307.45,33.708
567.52,308.22,33.71
567.52,308.22,33.712
569.27,308.22,33.713
567.52,308.22,33.715
567.52,307.45,33.717
569.27,308.22,33.718
567.52,308.22,33.72
569.27,308.22,33.722
569.27,308.22,33.723
565.78,308.22,33.725
569.27,307.45,33.727
569.27,308.22,33.728
569.27,308.22,33.73
569.27,308.22,33.732
567.52,308.22,33.734
569.27,308.22,33.736
571.01,308.22,33.738
569.27,308.22,33.739
569.27,308.22,33.741
569.27,308.22,33.743
569.27,308.22,33.744
564.03,308.22,33.746
569.27,308.22,33.747
569.27,308.22,33.749
574.5,308.22,33.751
574.5,307.45,33.752
569.27,308.22,33.754
572.76,308.22,33.756
562.29,308.22,33.757
569.27,308.22,33.759
569.27,308.22,33.761
569.27,308.22,33.762
571.01,308.98,33.764
565.78,308.22,33.766
564.03,308.22,33.767
569.27,308.22,33.769
567.52,308.22,33.771
569.27,308.22,33.772
569.27,308.22,33.774
567.52,308.98,33.777
569.27,308.22,33.778
569.27,308.22,33.78
569.27,308.98,33.782
569.27,308.98,33.783
569.27,308.22,33.785
569.27,308.22,33.787
567.52,308.22,33.788
567.52,308.22,33.79
567.52,308.22,33.792
569.27,308.22,33.793
569.27,308.98,33.795
571.01,308.98,33.797
564.03,308.22,33.798
567.52,308.22,33.8
571.01,308.22,33.802
569.27,308.98,33.803
574.5,308.22,33.805
569.27,308.22,33.807
569.27,308.22,33.808
569.27,308.22,33.81
569.27,308.22,33.812
569.27,308.98,33.813
569.27,308.22,33.815
569.27,308.98,33.817
571.01,308.22,33.819
571.01,308.98,33.821
571.01,308.98,33.823
569.27,308.98,33.824
572.76,308.98,33.826
569.27,308.98,33.828
569.27,308.98,33.829
571.01,308.22,33.831
571.01,308.98,33.832
571.01,308.22,33.834
571.01,308.98,33.836
571.01,308.98,33.837
569.27,308.98,33.839
569.27,308.98,33.841
571.01,308.98,33.842
571.01,308.98,33.844
569.27,308.98,33.846
569.27,308.98,33.847
572.76,308.22,33.849
571.01,308.98,33.851
574.5,308.98,33.852
571.01,308.98,33.854
571.01,308.98,33.856
571.01,308.98,33.857
569.27,308.98,33.859
569.27,308.98,33.862
569.27,308.98,33.863
574.5,308.98,33.865
569.27,308.98,33.867
572.76,308.98,33.868
571.01,308.98,33.87
576.25,308.98,33.872
571.01,308.98,33.873
571.01,308.98,33.875
571.01,308.98,33.877
565.78,308.98,33.878
569.27,308.98,33.88
569.27,308.98,33.882
574.5,308.98,33.883
571.01,308.98,33.885
571.01,308.98,33.887
571.01,308.98,33.888
571.01,308.98,33.89
571.01,308.98,33.892
571.01,308.98,33.893
560.55,308.98,33.895
564.03,308.98,33.897
571.01,308.98,33.898
569.27,308.98,33.9
567.52,308.98,33.902
571.01,308.98,33.904
567.52,308.98,33.906
571.01,308.98,33.908
572.76,308.98,33.909
572.76,308.98,33.911
571.01,308.98,33.913
569.27,308.98,33.914
574.5,308.98,33.916
571.01,308.98,33.918
571.01,308.98,33.919
571.01,308.98,33.921
571.01,308.98,33.922
572.76,308.98,33.924
571.01,308.98,33.926
571.01,309.75,33.927
571.01,308.98,33.929
569.27,308.98,33.931
564.03,309.75,33.932
571.01,309.75,33.934
565.78,308.98,33.936
572.76,308.98,33.937
571.01,308.98,33.939
572.76,308.98,33.941
572.76,308.98,33.942
572.76,308.98,33.944
571.01,309.75,33.947
574.5,308.98,33.948
571.01,308.98,33.95
569.27,309.75,33.952
571.01,309.75,33.953
569.27,309.75,33.955
572.76,309.75,33.957
572.76,308.98,33.958
572.76,309.75,33.96
576.25,309.75,33.962
567.52,309.75,33.963
572.76,308.98,33.965
572.76,309.75,33.967
572.76,309.75,33.968
571.01,308.98,33.97
574.5,309.75,33.972
569.27,308.98,33.973
569.27,309.75,33.975
569.27,309.75,33.977
567.52,309.75,33.978
567.52,309.75,33.98
569.27,309.75,33.982
569.27,309.75,33.983
569.27,309.75,33.985
567.52,309.75,33.987
569.27,309.75,33.988
569.27,309.75,33.991
567.52,309.75,33.993
569.27,309.75,33.994
569.27,309.75,33.996
569.27,309.75,33.998
569.27,309.75,33.999
569.27,309.75,34.001
571.01,309.75,34.003
571.01,309.75,34.004
553.57,304.39,34.006
557.06,301.33,34.007
544.85,298.27,34.009
537.87,293.67,34.011
529.15,292.91,34.012
534.38,293.67,34.014
543.1,293.67,34.016
541.36,296.74,34.017
546.59,298.27,34.019
550.08,299.03,34.021
553.57,301.33,34.022
550.08,300.56,34.024
548.34,299.03,34.026
548.34,299.03,34.027
551.82,296.74,34.029
543.1,295.97,34.032
544.85,295.97,34.033
536.12,295.97,34.035
541.36,295.97,34.037
551.82,297.5,34.038
544.85,298.27,34.04
550.08,299.03,34.042
550.08,299.8,34.043
550.08,299.8,34.045
544.85,299.03,34.047
548.34,298.27,34.048
544.85,297.5,34.05
544.85,297.5,34.052
544.85,296.74,34.053
541.36,296.74,34.055
546.59,296.74,34.057
543.1,297.5,34.058
544.85,298.27,34.06
546.59,299.03,34.062
544.85,299.03,34.063
546.59,299.03,34.065
546.59,299.03,34.067
546.59,298.27,34.068
546.59,298.27,34.07
544.85,298.27,34.072
543.1,297.5,34.073
550.08,297.5,34.076
541.36,297.5,34.078
546.59,298.27,34.079
539.61,298.27,34.081
544.85,299.03,34.083
550.08,299.03,34.084
546.59,299.03,34.086
548.34,299.03,34.088
541.36,298.27,34.089
550.08,298.27,34.091
546.59,298.27,34.093
544.85,298.27,34.094
544.85,297.5,34.096
543.1,298.27,34.097
544.85,298.27,34.099
548.34,298.27,34.101
553.57,299.03,34.102
548.34,299.03,34.104
546.59,299.03,34.106
541.36,299.03,34.107
546.59,299.03,34.109
546.59,298.27,34.111
544.85,299.03,34.112
544.85,298.27,34.114
546.59,298.27,34.116
543.1,298.27,34.118
546.59,298.27,34.12
546.59,298.27,34.122
546.59,299.03,34.123
548.34,299.03,34.125
548.34,299.03,34.127
548.34,299.03,34.128
548.34,299.03,34.13
548.34,299.03,34.132
548.34,298.27,34.133
548.34,298.27,34.135
548.34,299.03,34.137
548.34,298.27,34.138
544.85,299.03,34.14
548.34,299.03,34.142
548.34,299.03,34.143
546.59,299.03,34.145
548.34,299.03,34.147
544.85,299.03,34.148
548.34,299.03,34.15
548.34,299.03,34.152
548.34,299.03,34.153
557.06,299.03,34.155
546.59,298.27,34.157
548.34,298.27,34.158
551.82,299.03,34.161
546.59,299.03,34.163
548.34,299.03,34.164
548.34,299.03,34.166
548.34,299.03,34.168
548.34,299.03,34.169
548.34,299.03,34.171
548.34,299.03,34.173
548.34,299.03,34.174
548.34,299.03,34.176
548.34,299.03,34.178
548.34,299.03,34.179
543.1,299.03,34.181
548.34,299.03,34.182
548.34,299.8,34.184
546.59,299.03,34.186
548.34,299.03,34.187
548.34,299.03,34.189
548.34,299.03,34.191
548.34,299.8,34.192
550.08,299.03,34.194
550.08,299.03,34.196
546.59,299.03,34.197
548.34,299.03,34.199
548.34,299.03,34.201
548.34,299.8,34.203
548.34,299.03,34.205
544.85,299.03,34.207
548.34,299.8,34.208
548.34,299.03,34.21
544.85,299.03,34.212
548.34,299.03,34.213
548.34,299.8,34.215
548.34,299.8,34.217
548.34,299.03,34.218
548.34,299.03,34.22
550.08,299.03,34.222
548.34,299.03,34.223
543.1,299.03,34.225
548.34,299.03,34.227
548.34,299.8,34.228
550.08,299.8,34.23
550.08,299.8,34.232
548.34,299.03,34.233
550.08,299.8,34.235
550.08,299.8,34.237
550.08,299.8,34.238
551.82,299.8,34.24
548.34,299.03,34.242
548.34,299.8,34.243
544.85,299.03,34.246
548.34,299.8,34.248
550.08,299.03,34.249
548.34,299.8,34.251
550.08,299.8,34.253
548.34,299.8,34.254
550.08,299.8,34.256
550.08,299.8,34.258
548.34,299.8,34.259
548.34,299.8,34.261
550.08,299.03,34.263
548.34,299.03,34.264
550.08,299.8,34.266
550.08,299.8,34.267
546.59,299.8,34.269
548.34,299.03,34.271
553.57,299.8,34.272
553.57,299.8,34.274
548.34,299.03,34.276
550.08,299.8,34.277
550.08,299.8,34.279
548.34,299.8,34.281
555.31,299.8,34.282
550.08,299.8,34.284
544.85,299.8,34.286
550.08,299.8,34.288
548.34,299.8,34.29
555.31,299.8,34.292
548.34,299.8,34.293
550.08,299.8,34.295
548.34,299.8,34.297
551.82,299.8,34.298
551.82,299.8,34.3
550.08,299.8,34.302
553.57,299.8,34.303
546.59,299.8,34.305
548.34,299.8,34.307
550.08,299.8,34.308
550.08,299.8,34.31
550.08,299.8,34.312
550.08,299.8,34.313
543.1,299.8,34.315
548.34,299.8,34.317
548.34,299.8,34.318
550.08,299.8,34.32
551.82,300.56,34.322
550.08,299.8,34.323
550.08,299.8,34.325
550.08,299.8,34.327
550.08,299.8,34.328
548.34,299.8,34.331
551.82,299.8,34.333
550.08,299.8,34.334
550.08,299.8,34.336
550.08,299.8,34.338
551.82,299.8,34.339
548.34,299.8,34.341
555.31,299.8,34.343
550.08,299.8,34.344
550.08,299.8,34.346
550.08,300.56,34.348
555.31,299.8,34.349
550.08,299.8,34.351
550.08,299.8,34.353
548.34,299.8,34.354
548.34,300.56,34.356
550.08,300.56,34.357
550.08,299.8,34.359
550.08,299.8,34.361
550.08,299.8,34.362
550.08,300.56,34.364
548.34,299.8,34.366
551.82,300.56,34.367
550.08,299.8,34.369
551.82,299.8,34.371
550.08,299.8,34.372
550.08,300.56,34.375
550.08,299.8,34.377
550.08,300.56,34.378
550.08,300.56,34.38
550.08,299.8,34.382
550.08,300.56,34.383
551.82,300.56,34.385
550.08,299.8,34.387
551.82,299.8,34.388
550.08,300.56,34.39
551.82,300.56,34.392
551.82,300.56,34.393
551.82,300.56,34.395
550.08,300.56,34.397
557.06,299.8,34.398
551.82,300.56,34.4
555.31,299.8,34.402
551.82,300.56,34.403
560.55,300.56,34.405
551.82,300.56,34.407
550.08,300.56,34.408
551.82,300.56,34.41
551.82,300.56,34.412
553.57,300.56,34.413
551.82,299.8,34.416
550.08,300.56,34.418
550.08,300.56,34.419
551.82,299.8,34.421
551.82,300.56,34.423
550.08,300.56,34.424
553.57,300.56,34.426
551.82,300.56,34.428
551.82,300.56,34.429
551.82,300.56,34.431
551.82,300.56,34.433
550.08,300.56,34.434
551.82,300.56,34.436
551.82,300.56,34.438
551.82,300.56,34.439
551.82,300.56,34.441
551.82,300.56,34.442
551.82,300.56,34.444
551.82,300.56,34.446
551.82,300.56,34.447
551.82,300.56,34.449
551.82,300.56,34.451
551.82,300.56,34.452
551.82,300.56,34.454
551.82,300.56,34.456
551.82,300.56,34.457
548.34,300.56,34.46
558.8,300.56,34.462
551.82,300.56,34.463
544.85,300.56,34.465
551.82,300.56,34.467
551.82,300.56,34.468
551.82,300.56,34.47
551.82,300.56,34.472
548.34,300.56,34.473
550.08,300.56,34.475
544.85,300.56,34.477
548.34,300.56,34.478
543.1,300.56,34.48
548.34,300.56,34.482
548.34,300.56,34.483
548.34,300.56,34.485
548.34,300.56,34.487
548.34,300.56,34.488
548.34,300.56,34.49
548.34,300.56,34.492
548.34,300.56,34.493
548.34,301.33,34.495
550.08,301.33,34.497
550.08,301.33,34.498
548.34,300.56,34.5
553.57,300.56,34.503
550.08,300.56,34.504
539.61,296.74,34.506
537.87,293.67,34.508
529.15,289.85,34.509
520.42,285.25,34.511
516.94,286.02,34.513
516.94,286.02,34.514
520.42,286.02,34.516
522.17,289.08,34.518
523.91,290.61,34.519
532.64,290.61,34.521
530.89,293.67,34.523
529.15,292.91,34.524
530.89,292.14,34.526
530.89,291.38,34.528
525.66,289.08,34.529
523.91,288.32,34.531
527.4,288.32,34.532
520.42,288.32,34.534
523.91,288.32,34.536
525.66,289.85,34.537
534.38,289.85,34.539
529.15,290.61,34.541
530.89,291.38,34.542
530.89,291.38,34.545
529.15,291.38,34.547
527.4,290.61,34.548
527.4,289.85,34.55
525.66,289.85,34.552
525.66,289.08,34.553
525.66,289.08,34.555
525.66,289.08,34.557
525.66,289.85,34.558
527.4,290.61,34.56
525.66,290.61,34.562
529.15,290.61,34.563
534.38,291.38,34.565
529.15,291.38,34.567
529.15,290.61,34.568
525.66,289.85,34.57
529.15,289.85,34.572
527.4,289.85,34.573
525.66,289.08,34.575
527.4,289.85,34.577
527.4,289.85,34.578
534.38,289.85,34.58
527.4,290.61,34.582
530.89,291.38,34.583
530.89,291.38,34.585
530.89,290.61,34.588
529.15,290.61,34.589
529.15,290.61,34.591
529.15,290.61,34.593
529.15,289.85,34.594
527.4,289.85,34.596
527.4,289.85,34.598
527.4,289.85,34.599
532.64,289.85,34.601
529.15,290.61,34.603
529.15,290.61,34.604
529.15,290.61,34.606
530.89,291.38,34.608
525.66,290.61,34.609
529.15,290.61,34.611
529.15,290.61,34.613
529.15,290.61,34.614
522.17,290.61,34.616
527.4,290.61,34.617
527.4,289.85,34.619
529.15,289.85,34.621
529.15,290.61,34.622
530.89,291.38,34.624
527.4,290.61,34.626
529.15,291.38,34.627
530.89,290.61,34.63
532.64,290.61,34.632
529.15,290.61,34.633
529.15,290.61,34.635
525.66,290.61,34.637
534.38,290.61,34.638
527.4,290.61,34.64
530.89,290.61,34.642
530.89,290.61,34.643
529.15,290.61,34.645
530.89,290.61,34.647
530.89,291.38,34.648
529.15,291.38,34.65
530.89,290.61,34.652
529.15,290.61,34.653
529.15,290.61,34.655
529.15,290.61,34.657
529.15,289.85,34.658
529.15,291.38,34.66
529.15,290.61,34.662
530.89,291.38,34.663
532.64,291.38,34.665
536.12,290.61,34.667
525.66,291.38,34.668
529.15,291.38,34.67
527.4,291.38,34.673
527.4,291.38,34.674
529.15,291.38,34.676
530.89,290.61,34.678
530.89,290.61,34.679
532.64,291.38,34.681
523.91,291.38,34.683
525.66,291.38,34.684
534.38,290.61,34.686
525.66,291.38,34.688
530.89,291.38,34.689
530.89,291.38,34.691
530.89,291.38,34.693
525.66,291.38,34.694
530.89,290.61,34.696
525.66,291.38,34.698
530.89,290.61,34.699
530.89,291.38,34.701
529.15,291.38,34.702
529.15,290.61,34.704
530.89,291.38,34.706
530.89,291.38,34.707
534.38,291.38,34.709
530.89,291.38,34.711
527.4,290.61,34.712
529.15,291.38,34.715
529.15,291.38,34.717
530.89,291.38,34.718
530.89,291.38,34.72
529.15,291.38,34.722
530.89,291.38,34.723
527.4,291.38,34.725
527.4,291.38,34.727
530.89,291.38,34.728
537.87,290.61,34.73
532.64,291.38,34.732
525.66,291.38,34.733
532.64,291.38,34.735
532.64,291.38,34.737
530.89,291.38,34.738
529.15,291.38,34.74
529.15,291.38,34.742
529.15,291.38,34.743
525.66,291.38,34.745
530.89,291.38,34.747
532.64,291.38,34.748
530.89,291.38,34.75
532.64,291.38,34.752
534.38,291.38,34.753
534.38,291.38,34.755
530.89,291.38,34.758
537.87,291.38,34.759
530.89,291.38,34.761
530.89,291.38,34.763
529.15,291.38,34.764
530.89,291.38,34.766
529.15,291.38,34.768
532.64,291.38,34.769
530.89,291.38,34.771
532.64,292.14,34.773
532.64,291.38,34.774
525.66,291.38,34.776
532.64,291.38,34.778
530.89,291.38,34.779
532.64,291.38,34.781
530.89,291.38,34.783
530.89,291.38,34.784
530.89,291.38,34.786
530.89,292.14,34.788
532.64,291.38,34.789
530.89,291.38,34.791
534.38,291.38,34.792
530.89,291.38,34.794
530.89,292.14,34.796
530.89,291.38,34.797
529.15,291.38,34.8
532.64,291.38,34.802
532.64,292.14,34.803
532.64,291.38,34.805
530.89,291.38,34.807
532.64,291.38,34.808
532.64,291.38,34.81
523.91,292.14,34.812
530.89,292.14,34.813
532.64,291.38,34.815
530.89,291.38,34.817
532.64,292.14,34.818
532.64,291.38,34.82
532.64,291.38,34.822
532.64,291.38,34.823
532.64,291.38,34.825
530.89,292.14,34.827
532.64,292.14,34.828
530.89,291.38,34.83
530.89,292.14,34.832
532.64,292.14,34.833
530.89,292.14,34.835
530.89,292.14,34.837
534.38,292.14,34.838
527.4,292.14,34.84
532.64,291.38,34.843
532.64,292.14,34.844
530.89,292.14,34.846
530.89,292.14,34.848
530.89,292.14,34.849
530.89,292.14,34.851
530.89,292.14,34.853
530.89,291.38,34.854
532.64,292.14,34.856
530.89,291.38,34.858
536.12,292.14,34.859
532.64,292.14,34.861
532.64,292.14,34.863
536.12,292.14,34.864
532.64,292.14,34.866
532.64,291.38,34.868
530.89,291.38,34.869
532.64,292.14,34.871
532.64,292.14,34.873
530.89,292.14,34.874
532.64,292.14,34.876
530.89,292.14,34.877
534.38,292.14,34.879
532.64,291.38,34.881
532.64,292.14,34.882
530.89,292.14,34.884
530.89,292.14,34.887
532.64,292.14,34.888
532.64,292.14,34.89
532.64,292.14,34.892
532.64,292.14,34.893
532.64,292.14,34.895
534.38,292.14,34.897
532.64,292.14,34.898
530.89,292.14,34.9
532.64,292.14,34.902
530.89,292.14,34.903
534.38,292.14,34.905
530.89,292.14,34.907
532.64,292.14,34.908
530.89,292.14,34.91
532.64,292.14,34.912
532.64,292.14,34.913
532.64,292.14,34.915
532.64,292.14,34.917
532.64,292.14,34.918
537.87,292.14,34.92
541.36,292.14,34.922
529.15,292.14,34.923
530.89,292.14,34.925
537.87,292.14,34.928
536.12,292.14,34.929
527.4,292.14,34.931
532.64,292.14,34.933
541.36,292.14,34.934
532.64,292.14,34.936
532.64,292.14,34.938
534.38,292.14,34.939
532.64,292.14,34.941
532.64,292.14,34.943
534.38,292.14,34.944
534.38,292.14,34.946
532.64,292.14,34.948
534.38,292.14,34.949
532.64,292.14,34.951
534.38,292.14,34.953
532.64,292.91,34.954
532.64,292.14,34.956
529.15,292.14,34.958
534.38,292.14,34.959
525.66,292.14,34.961
536.12,292.91,34.963
532.64,292.14,34.964
539.61,292.14,34.966
527.4,292.14,34.967
536.12,292.14,34.969
532.64,292.91,34.972
530.89,292.14,34.973
529.15,292.14,34.975
530.89,292.14,34.977
530.89,292.14,34.978
530.89,292.14,34.98
529.15,292.91,34.982
530.89,292.14,34.983
529.15,292.14,34.985
530.89,292.14,34.987
529.15,292.14,34.988
529.15,292.91,34.99
530.89,292.14,34.992
529.15,292.91,34.993
530.89,292.14,34.995
530.89,292.14,34.997
534.38,292.91,34.998
527.4,292.14,35
536.12,292.91,35.002
532.64,292.14,35.003
529.15,289.85,35.005
522.17,286.79,35.007
511.7,282.96,35.008
504.73,278.37,35.01
499.49,279.13,35.012
504.73,278.37,35.014
506.47,279.13,35.016
506.47,282.19,35.018
511.7,282.96,35.019
513.45,283.72,35.021
513.45,286.02,35.023
518.68,285.25,35.024
515.19,284.49,35.026
515.19,283.72,35.028
509.96,281.43,35.029
508.21,281.43,35.031
506.47,280.66,35.033
506.47,280.66,35.034
506.47,281.43,35.036
508.21,282.19,35.038
508.21,282.96,35.039
511.7,283.72,35.041
515.19,284.49,35.043
508.21,284.49,35.044
515.19,283.72,35.046
511.7,282.96,35.048
509.96,282.96,35.049
506.47,282.19,35.051
508.21,281.43,35.052
508.21,281.43,35.054
509.96,281.43,35.057
509.96,282.19,35.058
504.73,282.96,35.06
511.7,283.72,35.062
513.45,283.72,35.063
513.45,283.72,35.065
511.7,283.72,35.067
516.94,283.72,35.068
511.7,282.96,35.07
509.96,282.96,35.072
511.7,282.19,35.073
509.96,282.19,35.075
511.7,282.19,35.077
511.7,282.19,35.078
511.7,282.96,35.08
511.7,282.96,35.082
506.47,283.72,35.083
513.45,284.49,35.085
511.7,283.72,35.087
513.45,283.72,35.088
513.45,282.96,35.09
509.96,282.96,35.092
509.96,282.96,35.093
509.96,282.19,35.095
508.21,282.19,35.097
509.96,282.96,35.099
511.7,282.96,35.101
511.7,283.72,35.103
511.7,282.96,35.104
513.45,283.72,35.106
511.7,283.72,35.108
511.7,283.72,35.109
509.96,282.96,35.111
513.45,282.96,35.113
511.7,282.96,35.114
509.96,282.96,35.116
513.45,282.96,35.118
509.96,282.96,35.119
509.96,282.96,35.121
511.7,282.96,35.123
513.45,283.72,35.124
511.7,283.72,35.126
513.45,283.72,35.128
513.45,283.72,35.129
513.45,282.96,35.131
511.7,283.72,35.133
511.7,283.72,35.134
509.96,282.96,35.136
511.7,282.96,35.137
511.7,282.96,35.139
515.19,283.72,35.142
511.7,282.96,35.143
513.45,283.72,35.145
513.45,283.72,35.147
511.7,283.72,35.148
513.45,283.72,35.15
513.45,283.72,35.152
509.96,282.96,35.153
511.7,283.72,35.155
511.7,283.72,35.157
513.45,283.72,35.158
511.7,283.72,35.16
511.7,283.72,35.162
508.21,283.72,35.163
511.7,283.72,35.165
513.45,283.72,35.167
513.45,283.72,35.168
513.45,283.72,35.17
513.45,283.72,35.172
513.45,283.72,35.173
515.19,283.72,35.175
513.45,283.72,35.177
516.94,283.72,35.178
511.7,283.72,35.18
509.96,283.72,35.182
511.7,283.72,35.184
513.45,283.72,35.186
511.7,283.72,35.188
522.17,283.72,35.189
518.68,283.72,35.191
513.45,283.72,35.193
513.45,283.72,35.194
513.45,283.72,35.196
506.47,283.72,35.198
506.47,282.96,35.199
513.45,283.72,35.201
513.45,283.72,35.203
513.45,284.49,35.204
513.45,283.72,35.206
511.7,283.72,35.208
513.45,283.72,35.209
515.19,283.72,35.211
509.96,284.49,35.213
513.45,282.96,35.214
513.45,283.72,35.216
513.45,284.49,35.218
513.45,283.72,35.219
513.45,283.72,35.221
513.45,283.72,35.223
513.45,283.72,35.224
513.45,283.72,35.227
513.45,284.49,35.228
515.19,283.72,35.23
516.94,284.49,35.232
511.7,283.72,35.233
509.96,283.72,35.235
516.94,283.72,35.237
513.45,284.49,35.238
516.94,283.72,35.24
515.19,283.72,35.242
513.45,283.72,35.243
515.19,283.72,35.245
515.19,284.49,35.247
508.21,284.49,35.248
513.45,283.72,35.25
513.45,284.49,35.252
513.45,284.49,35.253
513.45,283.72,35.255
515.19,283.72,35.257
518.68,283.72,35.258
513.45,283.72,35.26
513.45,283.72,35.262
515.19,283.72,35.263
515.19,283.72,35.265
511.7,283.72,35.267
513.45,284.49,35.268
515.19,283.72,35.271
513.45,284.49,35.273
513.45,284.49,35.274
513.45,284.49,35.276
513.45,284.49,35.278
513.45,284.49,35.279
513.45,283.72,35.281
516.94,283.72,35.283
509.96,283.72,35.284
513.45,283.72,35.286
513.45,284.49,35.288
522.17,284.49,35.289
515.19,284.49,35.291
513.45,283.72,35.293
513.45,284.49,35.294
515.19,284.49,35.296
513.45,284.49,35.298
515.19,284.49,35.299
513.45,284.49,35.301
513.45,284.49,35.303
520.42,284.49,35.304
516.94,284.49,35.306
515.19,284.49,35.308
511.7,284.49,35.309
515.19,284.49,35.312
515.19,284.49,35.313
509.96,284.49,35.315
513.45,284.49,35.317
515.19,284.49,35.318
513.45,284.49,35.32
518.68,284.49,35.322
520.42,284.49,35.323
515.19,284.49,35.325
511.7,284.49,35.327
518.68,284.49,35.328
518.68,284.49,35.33
515.19,284.49,35.332
513.45,284.49,35.333
515.19,284.49,35.335
515.19,284.49,35.337
515.19,284.49,35.338
515.19,284.49,35.34
515.19,284.49,35.342
515.19,284.49,35.343
515.19,284.49,35.345
515.19,284.49,35.347
515.19,284.49,35.348
515.19,284.49,35.35
516.94,284.49,35.352
515.19,284.49,35.353
509.96,284.49,35.356
515.19,284.49,35.358
515.19,284.49,35.359
515.19,284.49,35.361
509.96,284.49,35.363
515.19,284.49,35.364
522.17,284.49,35.366
511.7,284.49,35.368
513.45,284.49,35.369
515.19,284.49,35.371
515.19,284.49,35.373
515.19,284.49,35.374
515.19,284.49,35.376
518.68,284.49,35.378
508.21,284.49,35.379
515.19,284.49,35.381
515.19,284.49,35.383
515.19,284.49,35.384
511.7,284.49,35.386
518.68,284.49,35.388
523.91,284.49,35.389
518.68,284.49,35.391
522.17,284.49,35.393
515.19,284.49,35.394
515.19,284.49,35.396
516.94,284.49,35.399
518.68,284.49,35.4
515.19,284.49,35.402
515.19,284.49,35.403
515.19,284.49,35.405
513.45,284.49,35.407
511.7,284.49,35.408
511.7,284.49,35.41
516.94,284.49,35.412
515.19,285.25,35.413
515.19,284.49,35.415
513.45,285.25,35.417
515.19,284.49,35.418
515.19,284.49,35.42
515.19,285.25,35.422
515.19,285.25,35.423
515.19,284.49,35.425
518.68,284.49,35.427
515.19,284.49,35.428
518.68,284.49,35.43
515.19,284.49,35.432
513.45,284.49,35.433
513.45,285.25,35.435
515.19,285.25,35.437
516.94,284.49,35.438
515.19,284.49,35.441
515.19,285.25,35.443
515.19,284.49,35.444
515.19,284.49,35.446
515.19,284.49,35.448
513.45,284.49,35.449
516.94,285.25,35.451
515.19,284.49,35.453
516.94,284.49,35.454
515.19,284.49,35.456
515.19,284.49,35.458
515.19,284.49,35.459
516.94,285.25,35.461
516.94,285.25,35.463
516.94,284.49,35.464
515.19,285.25,35.466
516.94,284.49,35.468
515.19,285.25,35.469
516.94,284.49,35.471
513.45,284.49,35.473
513.45,285.25,35.474
511.7,285.25,35.476
520.42,285.25,35.478
513.45,284.49,35.479
511.7,285.25,35.481
513.45,285.25,35.484
513.45,285.25,35.485
513.45,285.25,35.487
515.19,284.49,35.488
513.45,285.25,35.49
513.45,285.25,35.492
513.45,285.25,35.493
515.19,285.25,35.495
513.45,285.25,35.497
513.45,285.25,35.498
513.45,285.25,35.5
516.94,285.25,35.502
515.19,285.25,35.503
515.19,282.96,35.505
506.47,280.66,35.507
501.24,275.3,35.508
489.03,272.24,35.51
485.54,273.01,35.512
483.79,271.48,35.513
489.03,273.01,35.515
492.51,275.3,35.517
494.26,276.84,35.518
499.49,276.84,35.52
499.49,279.13,35.522
504.73,278.37,35.523
499.49,277.6,35.526
497.75,276.84,35.528
496,275.3,35.529
492.51,274.54,35.531
492.51,274.54,35.533
485.54,274.54,35.534
489.03,274.54,35.536
494.26,275.3,35.538
496,276.07,35.539
497.75,276.84,35.541
501.24,277.6,35.543
499.49,277.6,35.544
496,276.84,35.546
496,276.84,35.548
496,276.07,35.549
494.26,275.3,35.551
492.51,275.3,35.553
492.51,275.3,35.554
497.75,275.3,35.556
496,276.07,35.558
490.77,276.07,35.559
497.75,276.84,35.561
497.75,276.84,35.563
499.49,277.6,35.564
504.73,277.6,35.566
494.26,276.84,35.569
496,276.07,35.57
497.75,276.07,35.572
496,276.07,35.573
494.26,275.3,35.575
494.26,275.3,35.577
496,276.07,35.578
496,276.07,35.58
497.75,276.84,35.582
496,276.84,35.583
494.26,276.84,35.585
496,276.84,35.587
497.75,276.84,35.588
497.75,276.84,35.59
492.51,276.07,35.592
496,276.07,35.593
494.26,276.07,35.595
496,276.07,35.597
496,276.07,35.598
496,276.07,35.6
494.26,276.84,35.602
497.75,276.84,35.603
496,276.84,35.605
497.75,276.84,35.607
497.75,276.84,35.608
496,276.84,35.611
497.75,276.84,35.613
499.49,276.84,35.614
496,276.07,35.616
496,276.07,35.618
496,276.84,35.619
494.26,276.84,35.621
497.75,276.84,35.623
497.75,276.84,35.624
497.75,277.6,35.626
497.75,276.84,35.628
497.75,276.84,35.629
499.49,276.84,35.631
496,276.84,35.633
499.49,276.84,35.634
492.51,276.07,35.636
497.75,276.84,35.638
492.51,276.07,35.639
497.75,276.84,35.641
497.75,276.84,35.643
497.75,276.84,35.644
497.75,276.84,35.646
492.51,276.84,35.648
496,276.84,35.649
497.75,276.84,35.651
497.75,276.84,35.654
497.75,276.84,35.655
501.24,276.84,35.657
496,276.84,35.659
497.75,276.84,35.66
497.75,276.84,35.662
499.49,276.84,35.663
502.98,276.84,35.665
497.75,276.84,35.667
499.49,276.84,35.668
501.24,276.84,35.67
501.24,276.84,35.672
499.49,276.84,35.673
497.75,276.84,35.675
496,276.84,35.677
497.75,276.84,35.678
497.75,276.84,35.68
504.73,276.84,35.682
497.75,276.84,35.683
499.49,276.84,35.685
497.75,276.84,35.687
497.75,277.6,35.688
497.75,277.6,35.69
497.75,276.84,35.692
497.75,276.84,35.693
497.75,276.84,35.696
497.75,276.84,35.698
496,277.6,35.699
504.73,276.84,35.701
497.75,276.84,35.703
502.98,276.84,35.704
502.98,276.84,35.706
502.98,276.84,35.708
499.49,277.6,35.709
497.75,276.84,35.711
499.49,276.84,35.713
499.49,277.6,35.714
497.75,276.84,35.716
497.75,276.84,35.718
497.75,277.6,35.719
497.75,276.84,35.721
492.51,276.84,35.723
499.49,276.84,35.724
499.49,276.84,35.726
497.75,276.84,35.728
497.75,276.84,35.729
497.75,277.6,35.731
496,277.6,35.733
496,277.6,35.734
497.75,277.6,35.736
499.49,277.6,35.739
497.75,277.6,35.74
497.75,277.6,35.742
497.75,277.6,35.744
499.49,276.84,35.745
496,277.6,35.747
499.49,276.84,35.748
499.49,277.6,35.75
497.75,277.6,35.752
499.49,277.6,35.753
499.49,277.6,35.755
499.49,277.6,35.757
506.47,277.6,35.758
497.75,277.6,35.76
499.49,277.6,35.762
501.24,276.84,35.763
497.75,277.6,35.765
497.75,277.6,35.767
499.49,277.6,35.768
497.75,277.6,35.77
497.75,277.6,35.772
499.49,277.6,35.773
499.49,277.6,35.775
506.47,277.6,35.777
499.49,277.6,35.778
492.51,277.6,35.78
499.49,277.6,35.783
497.75,277.6,35.784
499.49,276.84,35.786
497.75,277.6,35.788
499.49,277.6,35.789
499.49,277.6,35.791
502.98,277.6,35.793
499.49,277.6,35.794
499.49,277.6,35.796
501.24,277.6,35.798
499.49,277.6,35.799
497.75,277.6,35.801
499.49,277.6,35.803
499.49,277.6,35.804
499.49,277.6,35.806
497.75,277.6,35.808
499.49,277.6,35.809
499.49,277.6,35.811
499.49,277.6,35.813
499.49,277.6,35.814
499.49,277.6,35.816
499.49,277.6,35.818
504.73,277.6,35.819
499.49,277.6,35.821
499.49,276.84,35.824
497.75,277.6,35.825
501.24,277.6,35.827
499.49,277.6,35.829
499.49,277.6,35.83
497.75,277.6,35.832
497.75,277.6,35.834
499.49,277.6,35.835
499.49,277.6,35.837
501.24,277.6,35.838
499.49,277.6,35.84
506.47,277.6,35.842
499.49,277.6,35.843
499.49,277.6,35.845
497.75,277.6,35.847
499.49,277.6,35.848
499.49,277.6,35.85
501.24,277.6,35.852
499.49,277.6,35.853
497.75,277.6,35.855
499.49,277.6,35.857
492.51,277.6,35.858
497.75,277.6,35.86
499.49,277.6,35.862
499.49,277.6,35.863
501.24,277.6,35.865
499.49,277.6,35.868
499.49,277.6,35.869
499.49,278.37,35.871
501.24,277.6,35.873
501.24,277.6,35.874
499.49,278.37,35.876
499.49,277.6,35.878
499.49,278.37,35.879
501.24,277.6,35.881
499.49,277.6,35.883
499.49,278.37,35.884
501.24,277.6,35.886
504.73,277.6,35.888
501.24,277.6,35.889
501.24,277.6,35.891
504.73,278.37,35.893
499.49,278.37,35.894
499.49,278.37,35.896
499.49,277.6,35.898
499.49,278.37,35.899
499.49,278.37,35.901
501.24,278.37,35.903
501.24,277.6,35.904
501.24,277.6,35.906
499.49,278.37,35.908
501.24,277.6,35.91
504.73,277.6,35.912
499.49,278.37,35.914
501.24,278.37,35.915
501.24,277.6,35.917
499.49,277.6,35.919
501.24,277.6,35.92
501.24,277.6,35.922
499.49,278.37,35.923
499.49,277.6,35.925
497.75,277.6,35.927
499.49,278.37,35.928
501.24,277.6,35.93
499.49,277.6,35.932
508.21,277.6,35.933
499.49,278.37,35.935
499.49,278.37,35.937
499.49,277.6,35.938
497.75,277.6,35.94
502.98,277.6,35.942
501.24,278.37,35.943
499.49,278.37,35.945
504.73,277.6,35.947
499.49,278.37,35.948
499.49,277.6,35.95
499.49,278.37,35.953
499.49,278.37,35.954
499.49,278.37,35.956
502.98,277.6,35.958
499.49,278.37,35.959
499.49,278.37,35.961
499.49,278.37,35.963
501.24,278.37,35.964
501.24,277.6,35.966
497.75,278.37,35.968
497.75,278.37,35.969
499.49,278.37,35.971
497.75,278.37,35.973
497.75,278.37,35.974
499.49,278.37,35.976
497.75,277.6,35.978
499.49,278.37,35.979
497.75,278.37,35.981
497.75,278.37,35.983
497.75,278.37,35.984
497.75,278.37,35.986
496,278.37,35.988
497.75,277.6,35.989
496,278.37,35.991
497.75,278.37,35.993
497.75,278.37,35.995
492.51,278.37,35.997
497.75,278.37,35.999
499.49,278.37,36
501.24,278.37,36.002
501.24,278.37,36.004
501.24,277.6,36.005
492.51,273.77,36.007
482.05,269.18,36.008
473.33,266.12,36.01
473.33,266.89,36.012
471.58,266.12,36.013
473.33,266.89,36.015
478.56,268.42,36.017
478.56,270.71,36.018
485.54,271.48,36.02
487.28,272.24,36.022
487.28,272.24,36.023
485.54,272.24,36.025
489.03,270.71,36.027
482.05,269.18,36.028
478.56,269.18,36.03
476.81,268.42,36.032
476.81,268.42,36.033
478.56,268.42,36.035
478.56,269.18,36.038
482.05,269.95,36.039
483.79,270.71,36.041
483.79,271.48,36.043
482.05,270.71,36.044
483.79,271.48,36.046
483.79,270.71,36.048
480.3,270.71,36.049
480.3,269.95,36.051
480.3,269.18,36.053
473.33,269.18,36.054
480.3,269.18,36.056
482.05,269.95,36.058
482.05,269.95,36.059
483.79,270.71,36.061
483.79,270.71,36.063
482.05,270.71,36.064
485.54,270.71,36.066
482.05,270.71,36.068
483.79,269.95,36.069
482.05,269.95,36.071
480.3,269.95,36.073
478.56,269.18,36.074
480.3,269.18,36.076
482.05,269.95,36.078
480.3,269.95,36.08
482.05,270.71,36.082
483.79,270.71,36.084
485.54,271.48,36.085
485.54,270.71,36.087
482.05,270.71,36.089
482.05,270.71,36.09
482.05,270.71,36.092
480.3,270.71,36.094
482.05,269.95,36.095
480.3,269.95,36.097
482.05,269.95,36.098
482.05,270.71,36.1
478.56,270.71,36.102
482.05,270.71,36.103
483.79,270.71,36.105
483.79,270.71,36.107
478.56,270.71,36.108
483.79,270.71,36.11
482.05,270.71,36.112
483.79,270.71,36.113
483.79,269.95,36.115
480.3,269.95,36.117
489.03,269.95,36.118
482.05,269.95,36.12
483.79,270.71,36.123
483.79,270.71,36.124
485.54,270.71,36.126
483.79,270.71,36.128
482.05,270.71,36.129
483.79,270.71,36.131
482.05,270.71,36.133
485.54,270.71,36.134
482.05,270.71,36.136
482.05,269.95,36.138
482.05,270.71,36.139
480.3,270.71,36.141
487.28,270.71,36.143
482.05,270.71,36.144
483.79,270.71,36.146
483.79,270.71,36.148
483.79,270.71,36.149
483.79,271.48,36.151
482.05,270.71,36.153
483.79,270.71,36.154
482.05,270.71,36.156
485.54,270.71,36.158
480.3,270.71,36.159
483.79,270.71,36.161
485.54,270.71,36.163
483.79,270.71,36.164
483.79,270.71,36.167
482.05,271.48,36.169
482.05,270.71,36.17
483.79,270.71,36.172
489.03,270.71,36.174
478.56,270.71,36.175
483.79,270.71,36.177
483.79,270.71,36.179
483.79,270.71,36.18
483.79,270.71,36.182
483.79,270.71,36.183
482.05,270.71,36.185
483.79,270.71,36.187
480.3,270.71,36.188
483.79,270.71,36.19
482.05,270.71,36.192
482.05,271.48,36.193
483.79,270.71,36.195
480.3,270.71,36.197
483.79,270.71,36.198
483.79,270.71,36.2
483.79,271.48,36.202
482.05,270.71,36.203
483.79,270.71,36.205
483.79,270.71,36.208
480.3,271.48,36.209
483.79,271.48,36.211
483.79,271.48,36.213
485.54,271.48,36.214
483.79,271.48,36.216
483.79,271.48,36.218
489.03,270.71,36.219
487.28,270.71,36.221
483.79,270.71,36.223
483.79,271.48,36.224
482.05,271.48,36.226
483.79,270.71,36.228
485.54,270.71,36.229
483.79,271.48,36.231
490.77,270.71,36.233
483.79,270.71,36.234
483.79,271.48,36.236
483.79,270.71,36.238
485.54,271.48,36.239
487.28,270.71,36.241
482.05,270.71,36.243
478.56,271.48,36.244
483.79,270.71,36.246
485.54,271.48,36.248
487.28,271.48,36.249
483.79,271.48,36.252
485.54,271.48,36.254
483.79,271.48,36.255
485.54,271.48,36.257
480.3,271.48,36.259
483.79,271.48,36.26
483.79,271.48,36.262
483.79,271.48,36.264
485.54,271.48,36.265
485.54,271.48,36.267
482.05,271.48,36.269
485.54,271.48,36.27
483.79,271.48,36.272
483.79,271.48,36.273
483.79,271.48,36.275
490.77,271.48,36.277
482.05,271.48,36.278
483.79,271.48,36.28
485.54,271.48,36.282
483.79,270.71,36.283
485.54,271.48,36.285
483.79,271.48,36.287
483.79,271.48,36.288
483.79,271.48,36.29
482.05,271.48,36.292
485.54,271.48,36.294
485.54,271.48,36.296
482.05,271.48,36.298
485.54,271.48,36.299
485.54,271.48,36.301
485.54,270.71,36.303
485.54,271.48,36.304
485.54,271.48,36.306
485.54,271.48,36.308
483.79,271.48,36.309
483.79,271.48,36.311
483.79,271.48,36.313
485.54,271.48,36.314
485.54,271.48,36.316
492.51,271.48,36.318
483.79,271.48,36.319
487.28,271.48,36.321
485.54,271.48,36.323
487.28,271.48,36.324
483.79,271.48,36.326
490.77,271.48,36.328
485.54,271.48,36.329
485.54,271.48,36.331
483.79,271.48,36.333
483.79,271.48,36.334
485.54,271.48,36.337
485.54,271.48,36.339
485.54,271.48,36.34
485.54,271.48,36.342
485.54,271.48,36.344
483.79,271.48,36.345
485.54,271.48,36.347
485.54,271.48,36.349
483.79,271.48,36.35
485.54,271.48,36.352
485.54,271.48,36.354
485.54,271.48,36.355
480.3,271.48,36.357
485.54,271.48,36.358
485.54,271.48,36.36
485.54,271.48,36.362
485.54,271.48,36.363
483.79,272.24,36.365
483.79,271.48,36.367
494.26,272.24,36.368
485.54,271.48,36.37
485.54,271.48,36.372
485.54,271.48,36.373
483.79,271.48,36.375
485.54,271.48,36.377
483.79,271.48,36.379
485.54,271.48,36.381
483.79,271.48,36.383
483.79,272.24,36.384
485.54,271.48,36.386
485.54,271.48,36.388
485.54,271.48,36.389
485.54,272.24,36.391
483.79,271.48,36.393
485.54,271.48,36.394
485.54,271.48,36.396
485.54,271.48,36.398
483.79,272.24,36.399
492.51,272.24,36.401
483.79,271.48,36.403
485.54,271.48,36.404
487.28,271.48,36.406
487.28,271.48,36.408
485.54,271.48,36.409
487.28,272.24,36.411
485.54,271.48,36.413
485.54,271.48,36.414
487.28,271.48,36.416
487.28,271.48,36.418
485.54,272.24,36.419
487.28,272.24,36.422
485.54,272.24,36.424
487.28,272.24,36.425
487.28,272.24,36.427
485.54,271.48,36.429
487.28,271.48,36.43
487.28,271.48,36.432
489.03,272.24,36.434
485.54,272.24,36.435
485.54,271.48,36.437
485.54,271.48,36.439
483.79,272.24,36.44
485.54,271.48,36.442
487.28,272.24,36.443
487.28,271.48,36.445
487.28,272.24,36.447
496,272.24,36.448
485.54,272.24,36.45
487.28,272.24,36.452
485.54,272.24,36.453
487.28,272.24,36.455
483.79,272.24,36.457
487.28,272.24,36.458
482.05,271.48,36.46
485.54,272.24,36.462
485.54,271.48,36.464
487.28,272.24,36.466
487.28,272.24,36.468
487.28,272.24,36.469
487.28,272.24,36.471
483.79,272.24,36.473
482.05,271.48,36.474
483.79,272.24,36.476
483.79,271.48,36.478
485.54,272.24,36.479
480.3,271.48,36.481
483.79,272.24,36.483
483.79,272.24,36.484
483.79,272.24,36.486
483.79,272.24,36.488
482.05,272.24,36.489
489.03,272.24,36.491
483.79,272.24,36.493
483.79,272.24,36.494
483.79,272.24,36.496
483.79,272.24,36.498
483.79,272.24,36.499
480.3,272.24,36.501
485.54,272.24,36.503
487.28,272.24,36.504
478.56,267.65,36.507
471.58,263.06,36.509
466.35,260.76,36.51
454.14,257.7,36.512
450.65,256.94,36.514
454.14,257.7,36.515
455.88,257.7,36.517
457.63,260,36.519
455.88,262.29,36.52
464.6,262.29,36.522
468.09,264.59,36.524
459.37,263.82,36.525
464.6,262.29,36.527
461.12,262.29,36.529
461.12,260.76,36.53
457.63,259.23,36.532
457.63,259.23,36.533
457.63,259.23,36.535
457.63,260,36.537
459.37,260.76,36.538
461.12,261.53,36.54
462.86,262.29,36.542
462.86,262.29,36.543
464.6,262.29,36.545
461.12,262.29,36.547
464.6,261.53,36.548
452.39,261.53,36.551
459.37,260.76,36.553
459.37,260.76,36.554
459.37,260,36.556
461.12,260.76,36.558
459.37,260.76,36.559
459.37,260.76,36.561
462.86,262.29,36.563
462.86,262.29,36.564
462.86,262.29,36.566
461.12,262.29,36.568
455.88,261.53,36.569
462.86,261.53,36.571
461.12,260.76,36.573
461.12,260.76,36.574
461.12,260.76,36.576
464.6,260.76,36.578
461.12,260.76,36.579
461.12,261.53,36.581
462.86,261.53,36.583
461.12,262.29,36.584
464.6,262.29,36.586
464.6,262.29,36.588
461.12,261.53,36.589
462.86,261.53,36.592
462.86,261.53,36.594
457.63,261.53,36.595
462.86,261.53,36.597
461.12,261.53,36.599
461.12,261.53,36.6
461.12,261.53,36.602
462.86,261.53,36.604
464.6,261.53,36.605
462.86,262.29,36.607
462.86,262.29,36.609
464.6,261.53,36.61
464.6,262.29,36.612
461.12,261.53,36.614
462.86,261.53,36.615
461.12,261.53,36.617
461.12,261.53,36.618
454.14,261.53,36.62
461.12,261.53,36.622
459.37,261.53,36.623
464.6,261.53,36.625
462.86,262.29,36.627
461.12,261.53,36.628
462.86,262.29,36.63
462.86,261.53,36.632
462.86,261.53,36.633
462.86,261.53,36.636
462.86,261.53,36.638
461.12,261.53,36.639
459.37,261.53,36.641
462.86,261.53,36.643
461.12,261.53,36.644
462.86,261.53,36.646
462.86,262.29,36.648
461.12,262.29,36.649
464.6,262.29,36.651
462.86,262.29,36.653
459.37,262.29,36.654
468.09,261.53,36.656
462.86,262.29,36.658
464.6,262.29,36.659
461.12,261.53,36.661
462.86,262.29,36.663
464.6,262.29,36.664
462.86,262.29,36.666
461.12,262.29,36.668
462.86,262.29,36.669
462.86,262.29,36.671
462.86,262.29,36.673
464.6,261.53,36.674
462.86,261.53,36.676
461.12,262.29,36.679
462.86,261.53,36.68
464.6,261.53,36.682
462.86,262.29,36.684
462.86,261.53,36.685
464.6,262.29,36.687
468.09,262.29,36.689
462.86,262.29,36.69
464.6,262.29,36.692
464.6,262.29,36.694
462.86,262.29,36.695
461.12,262.29,36.697
464.6,262.29,36.699
464.6,262.29,36.7
462.86,262.29,36.702
462.86,262.29,36.704
462.86,262.29,36.705
464.6,261.53,36.707
464.6,262.29,36.708
464.6,262.29,36.71
466.35,262.29,36.712
462.86,262.29,36.713
462.86,262.29,36.715
464.6,262.29,36.717
462.86,262.29,36.718
462.86,262.29,36.721
464.6,262.29,36.723
462.86,262.29,36.724
464.6,262.29,36.726
462.86,262.29,36.728
461.12,262.29,36.729
462.86,261.53,36.731
464.6,262.29,36.733
462.86,262.29,36.734
462.86,262.29,36.736
464.6,262.29,36.738
462.86,262.29,36.739
464.6,262.29,36.741
461.12,262.29,36.743
464.6,262.29,36.744
464.6,262.29,36.746
464.6,262.29,36.748
468.09,262.29,36.749
462.86,262.29,36.751
461.12,262.29,36.753
464.6,262.29,36.754
464.6,262.29,36.756
464.6,262.29,36.758
464.6,262.29,36.759
462.86,262.29,36.761
461.12,262.29,36.764
466.35,262.29,36.765
462.86,262.29,36.767
464.6,262.29,36.769
464.6,262.29,36.77
464.6,262.29,36.772
464.6,262.29,36.774
464.6,262.29,36.775
462.86,262.29,36.777
462.86,262.29,36.779
464.6,262.29,36.78
464.6,262.29,36.782
464.6,262.29,36.784
471.58,262.29,36.785
464.6,262.29,36.787
464.6,262.29,36.789
466.35,262.29,36.79
464.6,262.29,36.792
464.6,262.29,36.793
462.86,262.29,36.795
466.35,262.29,36.797
464.6,262.29,36.798
464.6,262.29,36.8
469.84,263.06,36.802
464.6,262.29,36.803
462.86,262.29,36.806
464.6,262.29,36.808
464.6,262.29,36.809
461.12,262.29,36.811
464.6,262.29,36.813
459.37,262.29,36.814
464.6,262.29,36.816
464.6,263.06,36.818
462.86,262.29,36.819
462.86,263.06,36.821
464.6,262.29,36.823
464.6,262.29,36.824
464.6,262.29,36.826
464.6,262.29,36.828
459.37,262.29,36.829
464.6,262.29,36.831
464.6,262.29,36.833
464.6,263.06,36.834
464.6,262.29,36.836
462.86,262.29,36.838
464.6,262.29,36.839
469.84,262.29,36.841
462.86,262.29,36.843
464.6,262.29,36.844
464.6,263.06,36.846
464.6,263.06,36.849
464.6,262.29,36.85
464.6,262.29,36.852
464.6,262.29,36.854
464.6,263.06,36.855
464.6,262.29,36.857
461.12,263.06,36.859
464.6,263.06,36.86
462.86,263.06,36.862
464.6,263.06,36.864
464.6,263.06,36.865
464.6,262.29,36.867
462.86,263.06,36.869
464.6,262.29,36.87
471.58,263.06,36.872
464.6,262.29,36.874
464.6,263.06,36.875
464.6,262.29,36.877
464.6,263.06,36.878
464.6,263.06,36.88
473.33,263.06,36.882
464.6,262.29,36.883
464.6,263.06,36.885
471.58,263.06,36.887
464.6,263.06,36.888
462.86,262.29,36.891
469.84,263.06,36.893
464.6,263.06,36.894
464.6,263.06,36.896
464.6,262.29,36.898
464.6,263.06,36.899
462.86,263.06,36.901
464.6,262.29,36.903
462.86,263.06,36.904
462.86,263.06,36.906
464.6,263.06,36.908
466.35,263.06,36.909
464.6,262.29,36.911
464.6,263.06,36.913
464.6,263.06,36.914
464.6,263.06,36.916
464.6,263.06,36.918
464.6,263.06,36.919
462.86,263.06,36.921
464.6,263.06,36.923
464.6,263.06,36.924
461.12,263.06,36.926
462.86,263.06,36.928
464.6,263.06,36.929
464.6,263.06,36.931
464.6,263.06,36.934
464.6,263.06,36.935
464.6,263.06,36.937
464.6,263.06,36.939
464.6,263.06,36.94
466.35,263.06,36.942
466.35,263.06,36.944
464.6,263.06,36.945
464.6,263.06,36.947
468.09,263.06,36.949
464.6,263.06,36.95
466.35,263.06,36.952
466.35,263.06,36.954
464.6,263.06,36.955
464.6,263.06,36.957
466.35,263.06,36.959
466.35,263.06,36.96
464.6,263.06,36.962
466.35,263.06,36.964
464.6,263.06,36.965
473.33,263.06,36.967
464.6,263.06,36.968
464.6,263.06,36.97
462.86,263.06,36.972
462.86,263.06,36.973
469.84,263.06,36.976
461.12,263.06,36.978
462.86,263.06,36.979
462.86,263.06,36.981
459.37,263.06,36.983
462.86,263.06,36.984
462.86,263.06,36.986
464.6,263.06,36.988
462.86,263.06,36.989
462.86,263.06,36.991
462.86,263.06,36.993
462.86,263.06,36.994
464.6,263.06,36.996
462.86,263.06,36.998
462.86,263.06,36.999
461.12,263.06,37.001
471.58,263.06,37.003
462.86,263.06,37.004
464.6,263.06,37.006
461.12,259.23,37.008
459.37,256.94,37.009
443.67,253.87,37.011
443.67,253.87,37.013
445.42,254.64,37.014
443.67,253.11,37.016
443.67,254.64,37.019
450.65,257.7,37.02
452.39,257.7,37.022
452.39,258.47,37.024
457.63,259.23,37.025
454.14,258.47,37.027
452.39,257.7,37.029
448.9,256.94,37.03
448.9,255.4,37.032
457.63,255.4,37.034
447.16,255.4,37.035
443.67,255.4,37.037
450.65,256.17,37.039
452.39,256.94,37.04
452.39,257.7,37.042
454.14,257.7,37.044
455.88,258.47,37.045
454.14,257.7,37.047
448.9,256.94,37.049
450.65,256.94,37.05
450.65,256.17,37.052
450.65,256.17,37.053
443.67,256.17,37.055
450.65,256.17,37.057
450.65,256.17,37.058
450.65,256.94,37.06
452.39,256.94,37.063
452.39,257.7,37.064
455.88,257.7,37.066
450.65,257.7,37.068
454.14,257.7,37.069
452.39,256.94,37.071
450.65,256.94,37.073
452.39,256.17,37.074
452.39,256.17,37.076
448.9,256.17,37.078
450.65,256.94,37.079
454.14,256.94,37.081
452.39,256.94,37.083
450.65,257.7,37.084
452.39,257.7,37.086
452.39,257.7,37.088
452.39,257.7,37.089
452.39,256.94,37.091
461.12,256.94,37.093
448.9,256.94,37.094
452.39,256.94,37.096
450.65,256.94,37.098
459.37,256.94,37.099
450.65,257.7,37.101
452.39,257.7,37.104
452.39,257.7,37.105
452.39,257.7,37.107
454.14,257.7,37.109
452.39,257.7,37.11
454.14,257.7,37.112
455.88,256.94,37.114
452.39,256.94,37.115
452.39,256.94,37.117
450.65,256.94,37.119
452.39,256.94,37.12
452.39,256.94,37.122
452.39,257.7,37.124
452.39,257.7,37.125
452.39,257.7,37.127
452.39,257.7,37.129
452.39,257.7,37.13
454.14,257.7,37.132
452.39,256.94,37.134
452.39,257.7,37.135
452.39,256.94,37.137
452.39,257.7,37.139
452.39,257.7,37.14
452.39,257.7,37.142
452.39,257.7,37.143
455.88,256.94,37.145
450.65,257.7,37.148
452.39,257.7,37.149
447.16,257.7,37.151
455.88,257.7,37.153
452.39,257.7,37.154
452.39,256.94,37.156
452.39,257.7,37.158
452.39,256.94,37.159
452.39,257.7,37.161
452.39,257.7,37.163
454.14,257.7,37.164
450.65,257.7,37.166
454.14,257.7,37.168
457.63,257.7,37.169
452.39,257.7,37.171
454.14,256.94,37.173
454.14,257.7,37.174
452.39,257.7,37.176
452.39,257.7,37.178
454.14,257.7,37.179
452.39,256.94,37.181
445.42,256.94,37.183
454.14,257.7,37.184
454.14,257.7,37.186
452.39,257.7,37.188
454.14,257.7,37.19
454.14,257.7,37.192
454.14,257.7,37.194
452.39,257.7,37.195
452.39,256.94,37.197
447.16,257.7,37.199
454.14,257.7,37.2
452.39,257.7,37.202
452.39,257.7,37.204
452.39,257.7,37.205
454.14,257.7,37.207
454.14,257.7,37.209
452.39,257.7,37.21
452.39,257.7,37.212
452.39,257.7,37.214
454.14,257.7,37.215
459.37,257.7,37.217
452.39,257.7,37.219
454.14,257.7,37.22
452.39,257.7,37.222
454.14,257.7,37.224
455.88,257.7,37.225
452.39,257.7,37.227
454.14,257.7,37.228
452.39,257.7,37.23
454.14,257.7,37.233
454.14,257.7,37.234
461.12,257.7,37.236
454.14,257.7,37.238
454.14,257.7,37.239
452.39,257.7,37.241
454.14,257.7,37.243
454.14,257.7,37.244
454.14,257.7,37.246
452.39,257.7,37.248
459.37,257.7,37.249
452.39,257.7,37.251
454.14,258.47,37.253
455.88,257.7,37.254
454.14,257.7,37.256
448.9,257.7,37.258
462.86,257.7,37.259
454.14,257.7,37.261
454.14,257.7,37.263
454.14,257.7,37.264
454.14,257.7,37.266
454.14,257.7,37.268
452.39,257.7,37.269
454.14,257.7,37.271
454.14,257.7,37.273
454.14,257.7,37.275
461.12,257.7,37.277
452.39,257.7,37.279
454.14,257.7,37.28
454.14,257.7,37.282
454.14,257.7,37.284
450.65,257.7,37.285
454.14,257.7,37.287
452.39,257.7,37.289
454.14,257.7,37.29
454.14,257.7,37.292
454.14,257.7,37.294
454.14,257.7,37.295
452.39,257.7,37.297
454.14,258.47,37.299
454.14,258.47,37.3
454.14,257.7,37.302
454.14,257.7,37.304
459.37,257.7,37.305
454.14,257.7,37.307
454.14,257.7,37.309
454.14,258.47,37.31
452.39,257.7,37.312
454.14,258.47,37.313
454.14,257.7,37.315
454.14,257.7,37.318
454.14,257.7,37.319
452.39,258.47,37.321
454.14,257.7,37.323
461.12,258.47,37.324
452.39,257.7,37.326
445.42,258.47,37.328
455.88,258.47,37.329
455.88,257.7,37.331
452.39,258.47,37.333
454.14,257.7,37.334
454.14,258.47,37.336
452.39,258.47,37.338
454.14,257.7,37.339
457.63,258.47,37.341
454.14,257.7,37.343
454.14,258.47,37.344
455.88,258.47,37.346
455.88,258.47,37.348
459.37,257.7,37.349
450.65,258.47,37.351
454.14,258.47,37.353
454.14,258.47,37.354
454.14,257.7,37.356
455.88,258.47,37.358
454.14,258.47,37.36
454.14,258.47,37.362
455.88,258.47,37.364
450.65,258.47,37.365
455.88,258.47,37.367
454.14,258.47,37.369
454.14,258.47,37.37
454.14,258.47,37.372
455.88,258.47,37.374
447.16,258.47,37.375
454.14,257.7,37.377
450.65,258.47,37.379
455.88,258.47,37.38
455.88,258.47,37.382
454.14,258.47,37.384
454.14,258.47,37.385
454.14,258.47,37.387
454.14,258.47,37.389
455.88,258.47,37.39
454.14,258.47,37.392
450.65,258.47,37.394
454.14,258.47,37.395
454.14,258.47,37.397
455.88,258.47,37.399
454.14,258.47,37.4
455.88,258.47,37.403
459.37,258.47,37.404
454.14,258.47,37.406
455.88,258.47,37.408
454.14,258.47,37.409
455.88,258.47,37.411
455.88,258.47,37.413
455.88,258.47,37.414
454.14,258.47,37.416
455.88,258.47,37.418
454.14,258.47,37.419
455.88,258.47,37.421
452.39,258.47,37.423
455.88,258.47,37.424
455.88,258.47,37.426
454.14,258.47,37.428
455.88,258.47,37.429
455.88,258.47,37.431
454.14,258.47,37.433
454.14,258.47,37.434
452.39,258.47,37.436
454.14,258.47,37.438
455.88,258.47,37.439
455.88,258.47,37.441
457.63,258.47,37.443
454.14,258.47,37.444
450.65,258.47,37.447
455.88,258.47,37.449
454.14,258.47,37.45
454.14,258.47,37.452
455.88,258.47,37.454
457.63,258.47,37.455
461.12,258.47,37.457
455.88,258.47,37.459
455.88,258.47,37.46
454.14,258.47,37.462
454.14,258.47,37.464
454.14,258.47,37.465
455.88,258.47,37.467
455.88,258.47,37.469
448.9,258.47,37.47
455.88,258.47,37.472
454.14,258.47,37.474
452.39,258.47,37.475
454.14,258.47,37.477
452.39,258.47,37.479
452.39,258.47,37.48
450.65,258.47,37.482
450.65,258.47,37.484
452.39,258.47,37.485
452.39,259.23,37.488
455.88,258.47,37.489
450.65,258.47,37.491
454.14,258.47,37.493
450.65,258.47,37.494
448.9,259.23,37.496
452.39,258.47,37.498
452.39,258.47,37.499
452.39,258.47,37.501
454.14,258.47,37.503
454.14,258.47,37.504
455.88,258.47,37.506
450.65,255.4,37.508
443.67,252.34,37.509
434.95,250.05,37.511
436.69,249.28,37.513
434.95,250.81,37.514
434.95,249.28,37.516
436.69,250.05,37.518
440.18,253.87,37.519
443.67,253.87,37.521
445.42,253.87,37.523
447.16,254.64,37.524
443.67,253.87,37.526
443.67,253.11,37.528
443.67,252.34,37.529
440.18,251.58,37.532
438.44,251.58,37.534
436.69,251.58,37.535
436.69,251.58,37.537
438.44,252.34,37.539
447.16,253.11,37.54
440.18,253.87,37.542
443.67,253.87,37.544
445.42,253.87,37.545
445.42,253.87,37.547
441.93,253.87,37.549
443.67,253.11,37.55
441.93,252.34,37.552
440.18,252.34,37.554
440.18,252.34,37.555
440.18,252.34,37.557
441.93,252.34,37.559
441.93,253.11,37.56
441.93,253.11,37.562
443.67,253.87,37.564
445.42,253.87,37.565
443.67,253.87,37.567
443.67,253.11,37.569
441.93,253.11,37.57
441.93,252.34,37.572
441.93,252.34,37.575
438.44,253.11,37.576
440.18,252.34,37.578
436.69,252.34,37.579
441.93,253.11,37.581
438.44,253.11,37.583
443.67,253.11,37.584
441.93,253.87,37.586
445.42,253.87,37.588
441.93,253.11,37.589
443.67,253.11,37.591
441.93,253.11,37.593
440.18,252.34,37.594
441.93,252.34,37.596
441.93,252.34,37.598
441.93,253.11,37.599
441.93,253.11,37.601
441.93,253.11,37.603
441.93,253.11,37.604
443.67,253.11,37.606
443.67,253.87,37.608
443.67,253.11,37.609
443.67,253.11,37.611
447.16,253.11,37.613
443.67,253.11,37.614
441.93,253.11,37.617
441.93,253.11,37.619
443.67,253.11,37.62
443.67,253.11,37.622
443.67,253.11,37.624
443.67,253.11,37.625
443.67,253.11,37.627
447.16,253.87,37.629
443.67,253.11,37.63
445.42,253.11,37.632
443.67,253.11,37.634
441.93,253.11,37.635
443.67,253.11,37.637
443.67,253.11,37.639
443.67,253.11,37.64
443.67,253.11,37.642
445.42,253.11,37.644
443.67,253.11,37.645
441.93,253.11,37.647
441.93,253.87,37.649
441.93,253.87,37.65
440.18,253.11,37.652
441.93,253.87,37.654
443.67,253.11,37.655
443.67,253.87,37.657
441.93,253.11,37.66
440.18,253.11,37.661
443.67,253.11,37.663
441.93,253.87,37.664
443.67,253.11,37.666
443.67,253.87,37.668
443.67,253.11,37.669
443.67,253.11,37.671
443.67,253.11,37.673
441.93,253.11,37.674
443.67,253.11,37.676
441.93,253.87,37.678
443.67,253.87,37.679
443.67,253.11,37.681
443.67,253.11,37.683
441.93,253.11,37.684
443.67,253.11,37.686
443.67,253.11,37.688
443.67,253.11,37.689
441.93,253.87,37.691
441.93,253.87,37.693
443.67,253.11,37.694
443.67,253.11,37.696
445.42,253.87,37.698
445.42,253.87,37.699
441.93,253.11,37.702
443.67,253.87,37.704
448.9,253.11,37.705
443.67,253.11,37.707
443.67,253.11,37.709
445.42,253.87,37.71
443.67,253.11,37.712
443.67,253.11,37.714
443.67,253.87,37.715
443.67,253.11,37.717
443.67,253.87,37.719
443.67,253.87,37.72
441.93,253.11,37.722
443.67,253.11,37.724
443.67,253.87,37.725
445.42,253.87,37.727
443.67,253.87,37.729
443.67,253.87,37.73
445.42,253.87,37.732
443.67,253.11,37.734
443.67,253.87,37.735
450.65,253.87,37.737
443.67,253.87,37.739
441.93,253.11,37.74
450.65,253.87,37.742
445.42,253.87,37.745
445.42,253.87,37.746
443.67,253.11,37.748
443.67,253.11,37.749
445.42,253.87,37.751
445.42,253.87,37.753
443.67,253.87,37.754
441.93,253.87,37.756
443.67,253.87,37.758
443.67,253.87,37.759
445.42,253.87,37.761
445.42,253.87,37.763
443.67,253.87,37.764
445.42,253.87,37.766
441.93,253.87,37.768
443.67,253.87,37.769
445.42,253.87,37.771
447.16,253.87,37.773
445.42,253.87,37.774
454.14,253.87,37.776
441.93,253.87,37.778
443.67,253.87,37.779
445.42,253.87,37.781
445.42,253.11,37.783
443.67,253.87,37.784
440.18,253.87,37.787
438.44,253.87,37.789
445.42,253.87,37.79
443.67,253.87,37.792
445.42,253.87,37.794
443.67,253.87,37.795
443.67,253.87,37.797
443.67,253.87,37.799
445.42,253.87,37.8
443.67,253.87,37.802
448.9,253.87,37.804
445.42,253.87,37.805
445.42,253.87,37.807
445.42,253.87,37.809
441.93,253.87,37.81
443.67,253.87,37.812
436.69,253.87,37.814
443.67,253.87,37.815
447.16,253.87,37.817
441.93,253.87,37.819
443.67,253.87,37.82
445.42,253.87,37.822
443.67,253.87,37.824
443.67,253.87,37.825
443.67,253.87,37.827
443.67,253.87,37.83
440.18,253.87,37.831
443.67,253.87,37.833
450.65,253.11,37.835
443.67,253.87,37.836
443.67,253.87,37.838
445.42,253.87,37.839
443.67,253.87,37.841
447.16,253.87,37.843
445.42,253.87,37.844
443.67,253.87,37.846
443.67,253.87,37.848
445.42,253.87,37.849
436.69,253.87,37.851
447.16,253.87,37.853
443.67,253.87,37.854
447.16,253.87,37.856
452.39,253.87,37.858
443.67,253.87,37.859
443.67,253.87,37.861
445.42,253.87,37.863
450.65,253.87,37.864
445.42,253.87,37.866
443.67,253.87,37.868
445.42,253.87,37.869
443.67,253.87,37.872
445.42,253.87,37.874
445.42,253.87,37.875
445.42,253.87,37.877
445.42,253.87,37.879
445.42,253.87,37.88
443.67,253.87,37.882
445.42,253.87,37.884
443.67,253.87,37.885
443.67,253.87,37.887
443.67,253.87,37.889
452.39,253.87,37.89
445.42,253.87,37.892
445.42,253.87,37.894
445.42,254.64,37.895
445.42,253.87,37.897
445.42,253.87,37.899
445.42,253.87,37.9
452.39,254.64,37.902
445.42,253.87,37.904
445.42,254.64,37.905
441.93,253.87,37.907
445.42,253.87,37.909
443.67,253.87,37.91
445.42,254.64,37.912
445.42,253.87,37.915
445.42,253.87,37.916
445.42,253.87,37.918
445.42,253.87,37.92
445.42,253.87,37.921
445.42,253.87,37.923
445.42,253.87,37.924
450.65,253.87,37.926
447.16,253.87,37.928
445.42,253.87,37.929
445.42,253.87,37.931
445.42,254.64,37.933
445.42,253.87,37.934
445.42,253.87,37.936
445.42,253.87,37.938
445.42,253.87,37.939
445.42,253.87,37.941
450.65,254.64,37.943
447.16,253.87,37.944
445.42,254.64,37.946
445.42,253.87,37.948
445.42,254.64,37.949
445.42,253.87,37.951
447.16,253.87,37.953
445.42,253.87,37.954
443.67,254.64,37.956
443.67,253.87,37.959
448.9,254.64,37.96
445.42,254.64,37.962
445.42,253.87,37.964
447.16,254.64,37.965
445.42,253.87,37.967
447.16,254.64,37.969
448.9,253.87,37.97
447.16,253.87,37.972
443.67,254.64,37.974
441.93,254.64,37.975
443.67,254.64,37.977
441.93,254.64,37.979
441.93,254.64,37.98
438.44,253.87,37.982
441.93,254.64,37.984
445.42,254.64,37.985
443.67,254.64,37.987
443.67,253.87,37.989
443.67,254.64,37.99
443.67,253.87,37.992
447.16,254.64,37.994
441.93,254.64,37.995
443.67,254.64,37.997
443.67,254.64,38
445.42,253.87,38.001
445.42,253.87,38.003
443.67,253.87,38.005
445.42,254.64,38.006
441.93,251.58,38.008
440.18,253.11,38.01
433.2,251.58,38.011
438.44,251.58,38.013
438.44,252.34,38.014
448.9,251.58,38.016
443.67,253.87,38.018
438.44,254.64,38.019
445.42,253.11,38.021
443.67,253.87,38.023
445.42,254.64,38.024
443.67,253.11,38.026
443.67,253.11,38.028
445.42,252.34,38.029
441.93,252.34,38.031
443.67,252.34,38.033
440.18,252.34,38.034
440.18,252.34,38.036
443.67,253.11,38.038
445.42,253.87,38.039
447.16,253.87,38.041
441.93,253.87,38.044
443.67,253.87,38.045
443.67,253.87,38.047
443.67,253.11,38.049
443.67,253.11,38.05
441.93,252.34,38.052
441.93,252.34,38.054
441.93,253.11,38.055
443.67,252.34,38.057
441.93,253.11,38.059
441.93,253.11,38.06
443.67,253.87,38.062
445.42,253.11,38.064
443.67,253.87,38.065
443.67,253.87,38.067
443.67,253.87,38.069
443.67,253.11,38.07
443.67,253.11,38.072
443.67,253.11,38.074
445.42,253.11,38.075
441.93,253.11,38.077
445.42,253.11,38.079
438.44,253.11,38.08
443.67,253.11,38.082
441.93,253.87,38.084
443.67,253.87,38.086
443.67,253.87,38.088
443.67,253.11,38.09
443.67,253.11,38.091
443.67,253.11,38.093
440.18,253.11,38.095
443.67,253.11,38.096
443.67,252.34,38.098
447.16,253.11,38.099
440.18,253.11,38.101
445.42,253.11,38.103
445.42,253.87,38.104
443.67,253.87,38.106
443.67,253.87,38.108
438.44,253.11,38.109
443.67,253.11,38.111
440.18,253.11,38.113
443.67,253.11,38.114
443.67,253.11,38.116
443.67,253.11,38.118
443.67,253.11,38.119
443.67,253.11,38.121
443.67,253.11,38.123
443.67,253.87,38.124
443.67,253.11,38.126
445.42,253.11,38.129
443.67,253.11,38.13
441.93,253.11,38.132
443.67,253.11,38.134
443.67,253.87,38.135
443.67,253.11,38.137
443.67,253.11,38.139
443.67,253.11,38.14
441.93,253.11,38.142
436.69,253.11,38.144
443.67,253.11,38.145
443.67,253.87,38.147
440.18,253.87,38.149
445.42,253.11,38.15
445.42,253.87,38.152
443.67,253.11,38.154
441.93,253.87,38.155
441.93,253.11,38.157
443.67,253.11,38.159
445.42,253.11,38.16
443.67,253.11,38.162
443.67,253.11,38.164
445.42,253.87,38.165
445.42,253.87,38.167
443.67,253.11,38.169
443.67,253.11,38.171
441.93,253.11,38.173
443.67,253.11,38.175
443.67,253.11,38.176
445.42,253.87,38.178
443.67,253.11,38.18
443.67,253.87,38.181
443.67,253.11,38.183
443.67,253.11,38.184
443.67,253.11,38.186
445.42,253.87,38.188
443.67,253.87,38.189
445.42,253.87,38.191
443.67,253.87,38.193
443.67,253.11,38.194
441.93,253.11,38.196
443.67,253.11,38.198
443.67,253.87,38.199
443.67,253.11,38.201
443.67,253.11,38.203
445.42,253.87,38.204
436.69,253.87,38.206
450.65,253.87,38.208
445.42,253.11,38.209
445.42,253.87,38.211
443.67,253.87,38.214
445.42,253.11,38.215
443.67,253.87,38.217
441.93,253.87,38.219
443.67,253.87,38.22
445.42,253.87,38.222
443.67,253.87,38.224
443.67,253.87,38.225
443.67,253.11,38.227
443.67,253.11,38.229
443.67,253.87,38.23
445.42,253.87,38.232
447.16,253.87,38.234
443.67,253.87,38.235
441.93,253.87,38.237
443.67,253.87,38.239
447.16,253.87,38.24
443.67,253.87,38.242
445.42,253.87,38.244
445.42,253.87,38.245
445.42,253.87,38.247
438.44,253.87,38.249
443.67,253.87,38.25
452.39,253.87,38.252
445.42,253.87,38.254
445.42,253.87,38.256
445.42,253.87,38.258
434.95,253.87,38.26
445.42,253.87,38.261
445.42,253.87,38.263
443.67,253.87,38.265
450.65,253.87,38.266
445.42,253.87,38.268
443.67,253.87,38.27
443.67,253.87,38.271
441.93,253.87,38.273
445.42,253.87,38.274
445.42,253.87,38.276
445.42,253.87,38.278
443.67,253.87,38.279
445.42,253.87,38.281
445.42,253.87,38.283
443.67,253.87,38.284
441.93,253.87,38.286
448.9,253.87,38.288
443.67,253.87,38.289
443.67,253.87,38.291
443.67,253.87,38.293
445.42,253.87,38.294
447.16,253.87,38.296
445.42,253.87,38.299
436.69,253.87,38.3
443.67,253.87,38.302
443.67,253.11,38.304
447.16,253.87,38.305
445.42,253.87,38.307
445.42,253.87,38.309
440.18,253.87,38.31
445.42,253.87,38.312
440.18,253.87,38.314
445.42,253.87,38.315
436.69,253.87,38.317
443.67,253.87,38.319
443.67,253.87,38.32
445.42,253.87,38.322
445.42,253.87,38.324
445.42,253.87,38.325
443.67,253.87,38.327
443.67,253.87,38.329
445.42,253.87,38.33
440.18,254.64,38.332
443.67,253.87,38.334
445.42,253.87,38.335
447.16,253.87,38.337
448.9,253.87,38.339
443.67,253.87,38.34
445.42,253.87,38.343
445.42,253.87,38.345
441.93,253.87,38.346
445.42,253.87,38.348
445.42,253.87,38.35
443.67,253.87,38.351
445.42,253.87,38.353
443.67,253.87,38.355
443.67,253.87,38.356
445.42,253.87,38.358
454.14,253.87,38.359
445.42,253.87,38.361
440.18,254.64,38.363
445.42,253.87,38.364
445.42,253.87,38.366
445.42,253.87,38.368
443.67,253.87,38.369
445.42,253.87,38.371
447.16,253.87,38.373
445.42,253.87,38.374
445.42,253.87,38.376
447.16,253.87,38.378
445.42,253.87,38.379
445.42,253.87,38.381
447.16,253.87,38.384
454.14,253.87,38.385
443.67,253.87,38.387
443.67,254.64,38.389
445.42,253.87,38.39
445.42,253.87,38.392
445.42,253.87,38.394
436.69,253.87,38.395
441.93,253.87,38.397
445.42,253.87,38.399
445.42,253.87,38.4
445.42,253.87,38.402
452.39,253.87,38.404
445.42,253.87,38.405
445.42,253.87,38.407
443.67,253.87,38.409
445.42,253.87,38.41
445.42,253.87,38.412
445.42,253.87,38.414
447.16,253.87,38.415
447.16,254.64,38.417
450.65,253.87,38.419
443.67,253.87,38.42
445.42,253.87,38.422
445.42,253.87,38.424
445.42,253.87,38.425
445.42,253.87,38.428
452.39,253.87,38.43
445.42,253.87,38.431
445.42,253.87,38.433
443.67,253.87,38.435
447.16,254.64,38.436
445.42,254.64,38.438
443.67,253.87,38.44
445.42,253.87,38.441
443.67,253.87,38.443
447.16,253.87,38.445
445.42,253.87,38.446
445.42,254.64,38.448
450.65,253.87,38.449
441.93,253.87,38.451
445.42,253.87,38.453
447.16,253.87,38.454
447.16,254.64,38.456
445.42,253.87,38.458
445.42,253.87,38.459
447.16,254.64,38.461
445.42,253.87,38.463
447.16,253.87,38.464
443.67,253.87,38.466
445.42,253.87,38.468
447.16,254.64,38.47
441.93,254.64,38.472
441.93,253.87,38.474
441.93,253.87,38.475
443.67,254.64,38.477
443.67,253.87,38.479
441.93,254.64,38.48
441.93,253.87,38.482
443.67,253.87,38.484
443.67,254.64,38.485
443.67,253.87,38.487
441.93,253.87,38.489
443.67,254.64,38.49
441.93,253.87,38.492
443.67,254.64,38.494
441.93,253.87,38.495
441.93,253.87,38.497
441.93,254.64,38.499
443.67,253.87,38.5
445.42,254.64,38.502
443.67,253.87,38.504
443.67,253.87,38.505
441.93,251.58,38.507
433.2,249.28,38.509
427.97,246.22,38.51
426.23,245.45,38.513
431.46,247.75,38.515
426.23,246.22,38.516
429.72,247.75,38.518
433.2,250.05,38.52
436.69,250.05,38.521
436.69,250.05,38.523
438.44,251.58,38.525
438.44,250.81,38.526
434.95,250.05,38.528
433.2,249.28,38.53
429.72,247.75,38.531
429.72,247.75,38.533
429.72,247.75,38.534
429.72,247.75,38.536
431.46,248.52,38.538
433.2,249.28,38.539
434.95,250.05,38.541
436.69,250.05,38.543
441.93,250.05,38.544
438.44,250.05,38.546
436.69,249.28,38.548
434.95,249.28,38.549
431.46,248.52,38.551
431.46,248.52,38.553
431.46,248.52,38.555
431.46,248.52,38.557
433.2,248.52,38.559
433.2,249.28,38.56
443.67,249.28,38.562
434.95,250.05,38.564
434.95,250.05,38.565
433.2,250.05,38.567
434.95,250.05,38.569
434.95,249.28,38.57
431.46,249.28,38.572
433.2,248.52,38.574
433.2,248.52,38.575
433.2,248.52,38.577
433.2,249.28,38.579
433.2,249.28,38.58
434.95,249.28,38.582
434.95,249.28,38.584
434.95,249.28,38.585
434.95,250.05,38.587
434.95,249.28,38.589
434.95,249.28,38.59
433.2,249.28,38.592
433.2,249.28,38.594
433.2,248.52,38.595
433.2,249.28,38.598
434.95,249.28,38.6
433.2,249.28,38.601
434.95,249.28,38.603
436.69,249.28,38.605
434.95,250.05,38.606
434.95,250.05,38.608
434.95,250.05,38.61
436.69,250.05,38.611
434.95,249.28,38.613
433.2,249.28,38.615
436.69,249.28,38.616
429.72,249.28,38.618
433.2,249.28,38.619
433.2,249.28,38.621
433.2,249.28,38.623
434.95,249.28,38.624
440.18,249.28,38.626
434.95,249.28,38.628
433.2,250.05,38.629
441.93,249.28,38.631
434.95,249.28,38.633
434.95,249.28,38.634
433.2,249.28,38.636
434.95,249.28,38.638
433.2,249.28,38.64
433.2,249.28,38.642
434.95,249.28,38.644
434.95,250.05,38.645
429.72,249.28,38.647
434.95,250.05,38.649
434.95,249.28,38.65
433.2,250.05,38.652
434.95,249.28,38.654
431.46,249.28,38.655
433.2,249.28,38.657
434.95,249.28,38.659
434.95,249.28,38.66
433.2,249.28,38.662
429.72,250.05,38.664
436.69,249.28,38.665
434.95,249.28,38.667
433.2,250.05,38.669
434.95,250.05,38.67
434.95,249.28,38.672
434.95,250.05,38.674
433.2,250.05,38.675
434.95,250.05,38.677
434.95,249.28,38.679
434.95,249.28,38.68
436.69,250.05,38.683
436.69,250.05,38.685
434.95,250.05,38.686
434.95,250.05,38.688
434.95,249.28,38.69
436.69,249.28,38.691
434.95,250.05,38.693
436.69,249.28,38.695
434.95,250.05,38.696
441.93,249.28,38.698
434.95,249.28,38.7
433.2,249.28,38.701
438.44,250.05,38.703
431.46,249.28,38.705
434.95,249.28,38.706
434.95,249.28,38.708
433.2,250.05,38.709
434.95,249.28,38.711
436.69,250.05,38.713
434.95,250.05,38.714
434.95,249.28,38.716
436.69,249.28,38.718
436.69,250.05,38.719
434.95,250.05,38.721
436.69,250.05,38.723
441.93,250.05,38.724
434.95,249.28,38.727
434.95,250.05,38.729
434.95,250.05,38.73
433.2,250.05,38.732
441.93,249.28,38.734
436.69,249.28,38.735
440.18,250.05,38.737
434.95,250.05,38.739
436.69,249.28,38.74
434.95,250.05,38.742
436.69,249.28,38.744
431.46,249.28,38.745
433.2,250.05,38.747
433.2,250.05,38.749
433.2,250.05,38.75
434.95,249.28,38.752
436.69,250.05,38.754
436.69,250.05,38.755
434.95,249.28,38.757
434.95,249.28,38.759
436.69,250.05,38.76
436.69,250.05,38.762
436.69,250.05,38.764
433.2,250.05,38.765
434.95,250.05,38.768
436.69,249.28,38.77
434.95,250.05,38.771
434.95,250.05,38.773
436.69,250.05,38.775
434.95,250.05,38.776
436.69,250.05,38.778
436.69,250.05,38.78
429.72,250.05,38.781
436.69,250.05,38.783
431.46,250.05,38.785
434.95,249.28,38.786
434.95,249.28,38.788
434.95,250.05,38.79
436.69,250.05,38.791
436.69,250.05,38.793
429.72,250.05,38.794
427.97,250.05,38.796
434.95,250.05,38.798
434.95,250.05,38.799
426.23,250.05,38.801
436.69,250.05,38.803
438.44,249.28,38.804
440.18,250.05,38.806
438.44,250.05,38.808
436.69,250.05,38.809
436.69,250.05,38.812
434.95,250.05,38.814
434.95,250.05,38.815
434.95,249.28,38.817
434.95,250.05,38.819
434.95,249.28,38.82
433.2,250.05,38.822
434.95,250.05,38.824
434.95,250.05,38.825
434.95,250.05,38.827
431.46,250.05,38.829
436.69,250.05,38.83
440.18,250.05,38.832
434.95,250.05,38.834
434.95,250.05,38.835
434.95,250.05,38.837
431.46,250.05,38.839
434.95,250.05,38.84
434.95,250.05,38.842
441.93,249.28,38.844
436.69,250.05,38.845
440.18,250.05,38.847
436.69,250.05,38.849
438.44,250.05,38.85
436.69,250.05,38.852
434.95,250.05,38.855
434.95,250.05,38.856
434.95,250.05,38.858
426.23,250.05,38.86
436.69,250.05,38.861
436.69,250.05,38.863
434.95,250.05,38.865
434.95,250.05,38.866
434.95,250.05,38.868
440.18,250.81,38.87
440.18,250.05,38.871
434.95,250.05,38.873
438.44,250.05,38.875
436.69,250.05,38.876
438.44,250.05,38.878
434.95,250.05,38.88
436.69,250.05,38.881
436.69,250.05,38.883
436.69,250.05,38.884
441.93,250.05,38.886
434.95,250.05,38.888
441.93,250.05,38.889
431.46,250.05,38.891
433.2,250.05,38.893
436.69,250.81,38.894
427.97,250.05,38.897
434.95,250.05,38.899
436.69,250.05,38.9
436.69,250.05,38.902
436.69,250.05,38.904
441.93,250.05,38.905
436.69,250.05,38.907
436.69,250.05,38.909
426.23,250.05,38.91
434.95,250.05,38.912
434.95,250.05,38.914
436.69,250.05,38.915
436.69,250.05,38.917
436.69,250.05,38.919
438.44,250.05,38.92
436.69,250.05,38.922
436.69,250.05,38.924
434.95,250.05,38.925
429.72,250.05,38.927
441.93,250.81,38.929
436.69,250.05,38.93
431.46,250.05,38.932
431.46,250.05,38.934
436.69,250.81,38.935
436.69,250.05,38.937
436.69,250.05,38.94
436.69,250.05,38.941
436.69,250.05,38.943
434.95,250.05,38.945
434.95,250.05,38.946
434.95,250.05,38.948
436.69,250.05,38.95
434.95,250.05,38.951
436.69,250.05,38.953
436.69,250.05,38.955
436.69,250.05,38.956
436.69,250.05,38.958
436.69,250.05,38.96
436.69,250.81,38.961
434.95,250.05,38.963
440.18,250.05,38.965
434.95,250.05,38.966
436.69,250.05,38.968
436.69,250.05,38.969
436.69,250.05,38.971
433.2,250.05,38.973
433.2,250.05,38.974
431.46,250.05,38.976
433.2,250.81,38.978
434.95,250.05,38.979
434.95,250.05,38.982
433.2,250.05,38.984
433.2,250.05,38.985
436.69,250.05,38.987
436.69,250.05,38.989
433.2,250.05,38.99
433.2,250.05,38.992
434.95,250.05,38.994
434.95,250.81,38.995
433.2,250.05,38.997
433.2,250.05,38.999
433.2,250.05,39
436.69,250.05,39.002
434.95,250.05,39.004
434.95,250.05,39.005
434.95,247.75,39.007
422.74,245.45,39.009
420.99,242.39,39.01
420.99,242.39,39.012
419.25,244.69,39.014
420.99,242.39,39.015
420.99,243.92,39.017
414.02,246.98,39.019
431.46,246.98,39.02
429.72,246.98,39.022
429.72,247.75,39.025
429.72,246.98,39.026
424.48,246.22,39.028
422.74,245.45,39.03
424.48,244.69,39.031
422.74,243.92,39.033
422.74,244.69,39.035
420.99,244.69,39.036
424.48,244.69,39.038
429.72,246.22,39.04
427.97,246.22,39.041
429.72,246.98,39.043
429.72,246.98,39.045
433.2,246.98,39.046
427.97,246.22,39.048
426.23,245.45,39.05
422.74,245.45,39.051
422.74,244.69,39.053
424.48,245.45,39.054
422.74,245.45,39.056
424.48,245.45,39.058
426.23,245.45,39.059
427.97,245.45,39.061
427.97,246.22,39.063
427.97,246.98,39.064
427.97,246.22,39.067
427.97,246.22,39.069
426.23,246.22,39.07
426.23,245.45,39.072
424.48,245.45,39.074
424.48,245.45,39.075
424.48,245.45,39.077
426.23,245.45,39.079
426.23,245.45,39.08
422.74,246.22,39.082
427.97,246.22,39.084
422.74,246.22,39.085
426.23,246.22,39.087
427.97,246.22,39.089
426.23,245.45,39.09
419.25,246.22,39.092
419.25,245.45,39.094
426.23,245.45,39.095
426.23,245.45,39.097
426.23,246.22,39.099
429.72,245.45,39.1
424.48,246.22,39.102
426.23,246.22,39.104
427.97,246.22,39.105
426.23,246.22,39.107
427.97,246.22,39.11
431.46,246.22,39.111
426.23,246.22,39.113
426.23,246.22,39.115
426.23,246.22,39.116
426.23,245.45,39.118
426.23,245.45,39.12
426.23,246.22,39.121
426.23,246.22,39.123
426.23,246.22,39.125
431.46,246.22,39.126
426.23,246.22,39.128
427.97,246.22,39.13
429.72,246.22,39.131
429.72,245.45,39.133
427.97,246.22,39.135
426.23,246.22,39.136
427.97,246.22,39.138
426.23,245.45,39.14
427.97,246.22,39.141
426.23,245.45,39.143
426.23,245.45,39.144
433.2,246.22,39.146
427.97,246.22,39.148
426.23,246.22,39.149
427.97,246.22,39.152
427.97,246.22,39.154
422.74,246.22,39.155
431.46,246.22,39.157
426.23,245.45,39.159
427.97,246.22,39.16
427.97,246.22,39.162
427.97,246.22,39.164
426.23,245.45,39.165
426.23,246.22,39.167
431.46,246.22,39.169
426.23,246.22,39.17
422.74,246.22,39.172
426.23,246.22,39.174
431.46,246.22,39.175
427.97,246.22,39.177
427.97,246.22,39.179
426.23,246.22,39.18
427.97,246.22,39.182
427.97,246.22,39.184
426.23,246.22,39.185
427.97,246.22,39.187
427.97,246.22,39.189
426.23,246.22,39.19
426.23,246.22,39.192
427.97,246.22,39.195
427.97,246.22,39.196
426.23,246.22,39.198
427.97,246.22,39.2
426.23,246.22,39.201
427.97,246.22,39.203
434.95,246.22,39.205
427.97,246.22,39.206
427.97,246.22,39.208
429.72,246.22,39.21
429.72,246.22,39.211
427.97,246.22,39.213
427.97,245.45,39.215
429.72,246.22,39.216
434.95,246.22,39.218
426.23,246.22,39.22
426.23,246.22,39.221
427.97,246.22,39.223
427.97,246.22,39.225
427.97,246.22,39.226
427.97,246.22,39.228
427.97,246.22,39.229
429.72,246.22,39.231
426.23,246.22,39.233
429.72,246.22,39.234
426.23,246.22,39.236
426.23,246.22,39.239
427.97,246.22,39.24
422.74,246.22,39.242
427.97,246.22,39.244
427.97,246.22,39.245
427.97,246.22,39.247
427.97,246.22,39.249
427.97,246.22,39.25
426.23,246.22,39.252
427.97,246.22,39.254
426.23,246.22,39.255
427.97,246.22,39.257
426.23,246.22,39.259
427.97,246.22,39.26
427.97,246.22,39.262
427.97,246.22,39.264
427.97,246.22,39.265
427.97,246.22,39.267
427.97,246.22,39.269
427.97,246.22,39.27
427.97,246.22,39.272
426.23,246.22,39.274
431.46,246.22,39.275
434.95,246.22,39.277
427.97,246.22,39.28
426.23,246.22,39.281
427.97,246.22,39.283
427.97,246.22,39.285
426.23,246.22,39.286
426.23,246.22,39.288
427.97,246.22,39.29
426.23,246.22,39.291
427.97,246.22,39.293
426.23,246.22,39.295
429.72,246.22,39.296
426.23,246.22,39.298
424.48,246.22,39.3
429.72,246.22,39.301
427.97,246.22,39.303
426.23,246.22,39.305
427.97,246.22,39.306
426.23,246.22,39.308
426.23,246.98,39.31
427.97,246.22,39.311
429.72,246.22,39.313
424.48,246.22,39.315
427.97,246.22,39.316
436.69,246.22,39.318
427.97,246.98,39.319
427.97,246.22,39.321
427.97,246.98,39.324
429.72,246.22,39.325
429.72,246.22,39.327
429.72,246.22,39.329
427.97,246.22,39.33
433.2,246.22,39.332
427.97,246.22,39.334
422.74,246.98,39.335
427.97,246.98,39.337
427.97,246.22,39.339
429.72,246.22,39.34
427.97,246.22,39.342
427.97,246.22,39.344
427.97,246.22,39.345
424.48,246.22,39.347
426.23,246.22,39.349
429.72,246.22,39.35
429.72,246.98,39.352
424.48,246.22,39.354
424.48,246.98,39.355
427.97,246.22,39.357
427.97,246.22,39.359
429.72,246.22,39.36
422.74,246.98,39.362
426.23,246.22,39.364
426.23,246.22,39.366
426.23,246.22,39.368
427.97,246.98,39.37
427.97,246.22,39.371
426.23,246.98,39.373
426.23,246.98,39.375
427.97,246.22,39.376
429.72,246.22,39.378
426.23,246.98,39.38
427.97,246.22,39.381
427.97,246.22,39.383
427.97,246.22,39.385
436.69,246.22,39.386
427.97,246.98,39.388
427.97,246.98,39.39
431.46,246.98,39.391
427.97,246.98,39.393
436.69,246.98,39.395
426.23,246.98,39.396
426.23,246.98,39.398
427.97,246.98,39.4
427.97,246.22,39.401
427.97,246.22,39.403
427.97,246.22,39.404
427.97,246.98,39.406
427.97,246.22,39.409
427.97,246.22,39.41
427.97,246.22,39.412
426.23,246.98,39.414
436.69,246.22,39.415
427.97,246.22,39.417
427.97,246.98,39.419
427.97,246.98,39.42
426.23,246.22,39.422
427.97,246.98,39.424
431.46,246.22,39.425
427.97,246.22,39.427
424.48,246.98,39.429
424.48,246.22,39.43
427.97,246.22,39.432
433.2,246.22,39.434
427.97,246.98,39.435
436.69,246.98,39.437
427.97,246.98,39.439
429.72,246.98,39.44
427.97,246.98,39.442
426.23,246.98,39.444
429.72,246.98,39.445
427.97,246.98,39.447
427.97,246.98,39.449
427.97,246.98,39.451
427.97,246.98,39.453
424.48,246.98,39.455
422.74,246.22,39.456
427.97,246.98,39.458
427.97,246.98,39.46
433.2,246.22,39.461
429.72,246.98,39.463
427.97,246.98,39.465
427.97,246.98,39.466
426.23,246.22,39.468
434.95,246.98,39.47
427.97,246.98,39.471
424.48,246.22,39.473
424.48,246.98,39.475
426.23,246.98,39.476
424.48,246.98,39.478
424.48,246.98,39.48
419.25,246.98,39.481
424.48,246.22,39.483
424.48,246.98,39.485
426.23,246.98,39.486
424.48,246.22,39.488
426.23,246.98,39.489
420.99,246.22,39.491
424.48,246.22,39.494
426.23,246.98,39.495
424.48,246.98,39.497
426.23,246.98,39.499
422.74,246.22,39.5
429.72,246.22,39.502
429.72,246.98,39.504
426.23,246.98,39.505
426.23,245.45,39.507
417.51,242.39,39.509
410.53,239.33,39.51
401.81,239.33,39.512
414.02,241.63,39.514
414.02,240.1,39.515
415.76,241.63,39.517
419.25,243.92,39.519
422.74,243.16,39.52
427.97,243.92,39.522
424.48,244.69,39.524
422.74,243.92,39.525
420.99,243.16,39.527
419.25,242.39,39.529
415.76,240.86,39.53
415.76,240.86,39.532
415.76,240.86,39.534
414.02,241.63,39.536
417.51,241.63,39.538
424.48,243.16,39.54
420.99,243.16,39.541
420.99,243.16,39.543
420.99,243.16,39.545
420.99,243.16,39.546
419.25,243.16,39.548
420.99,243.16,39.55
419.25,242.39,39.551
417.51,242.39,39.553
412.27,241.63,39.555
417.51,242.39,39.556
417.51,242.39,39.558
420.99,242.39,39.56
420.99,243.16,39.561
427.97,243.16,39.563
420.99,243.16,39.565
420.99,243.16,39.566
412.27,243.16,39.568
420.99,243.16,39.57
420.99,242.39,39.571
410.53,242.39,39.573
417.51,242.39,39.575
417.51,242.39,39.576
417.51,242.39,39.579
420.99,242.39,39.58
419.25,243.16,39.582
420.99,243.16,39.584
419.25,243.16,39.585
426.23,243.16,39.587
420.99,243.16,39.589
419.25,243.16,39.59
419.25,242.39,39.592
419.25,242.39,39.594
420.99,242.39,39.595
419.25,242.39,39.597
417.51,242.39,39.599
417.51,242.39,39.6
419.25,242.39,39.602
419.25,242.39,39.604
417.51,243.16,39.605
417.51,242.39,39.607
420.99,243.16,39.609
420.99,243.16,39.61
420.99,243.16,39.612
419.25,243.16,39.614
417.51,243.16,39.615
417.51,242.39,39.617
422.74,242.39,39.619
414.02,242.39,39.62
426.23,243.16,39.623
419.25,243.16,39.625
419.25,243.16,39.626
419.25,243.16,39.628
417.51,243.16,39.63
419.25,243.16,39.631
419.25,243.16,39.633
417.51,243.16,39.635
420.99,242.39,39.636
419.25,242.39,39.638
417.51,242.39,39.64
415.76,243.16,39.641
426.23,243.16,39.643
422.74,242.39,39.645
420.99,243.16,39.646
419.25,243.16,39.648
422.74,243.16,39.65
419.25,243.16,39.651
417.51,243.16,39.653
419.25,243.16,39.655
420.99,242.39,39.656
419.25,243.16,39.658
414.02,243.16,39.66
419.25,242.39,39.661
420.99,243.16,39.664
419.25,242.39,39.665
420.99,243.16,39.667
419.25,243.16,39.669
427.97,243.16,39.67
420.99,243.16,39.672
419.25,243.16,39.674
417.51,243.16,39.675
419.25,243.16,39.677
420.99,243.16,39.679
419.25,243.16,39.68
415.76,243.16,39.682
417.51,243.16,39.684
417.51,243.16,39.685
422.74,243.16,39.687
417.51,243.16,39.689
419.25,243.16,39.69
419.25,243.16,39.692
420.99,243.16,39.694
420.99,243.16,39.695
419.25,243.16,39.697
420.99,243.16,39.699
419.25,242.39,39.7
419.25,243.16,39.702
419.25,243.16,39.704
419.25,243.16,39.705
419.25,243.16,39.708
419.25,243.16,39.71
427.97,243.16,39.711
417.51,243.16,39.713
419.25,243.16,39.715
419.25,243.16,39.716
419.25,243.16,39.718
419.25,243.16,39.72
417.51,243.16,39.721
419.25,243.16,39.723
420.99,243.16,39.725
419.25,243.16,39.726
420.99,243.16,39.728
415.76,243.16,39.73
420.99,243.16,39.731
415.76,243.16,39.733
422.74,243.16,39.735
420.99,243.16,39.736
422.74,243.16,39.738
417.51,243.16,39.74
417.51,243.16,39.741
420.99,243.16,39.743
419.25,243.16,39.745
419.25,243.16,39.746
419.25,243.16,39.748
419.25,243.16,39.751
419.25,243.16,39.752
420.99,243.16,39.754
420.99,243.16,39.755
417.51,243.16,39.757
419.25,243.16,39.759
419.25,243.16,39.76
419.25,243.16,39.762
419.25,243.16,39.764
419.25,243.16,39.765
420.99,243.16,39.767
419.25,243.16,39.769
420.99,243.16,39.77
414.02,243.16,39.772
422.74,243.16,39.774
419.25,243.16,39.775
420.99,243.16,39.777
420.99,243.16,39.779
419.25,243.16,39.78
420.99,243.16,39.782
419.25,243.16,39.784
420.99,243.16,39.785
419.25,243.16,39.787
417.51,243.16,39.789
419.25,243.92,39.79
419.25,243.16,39.793
419.25,243.16,39.795
419.25,243.16,39.796
419.25,243.16,39.798
419.25,243.16,39.8
419.25,243.16,39.801
420.99,243.16,39.803
419.25,243.16,39.805
419.25,243.16,39.806
419.25,243.16,39.808
419.25,243.16,39.81
420.99,243.16,39.811
420.99,243.16,39.813
419.25,243.16,39.815
419.25,243.16,39.816
419.25,243.16,39.818
414.02,243.16,39.82
419.25,243.16,39.821
419.25,243.16,39.823
419.25,243.16,39.825
420.99,243.16,39.826
420.99,243.16,39.828
419.25,243.16,39.83
419.25,243.16,39.831
412.27,243.16,39.833
420.99,243.16,39.836
420.99,243.16,39.837
424.48,243.16,39.839
420.99,243.16,39.84
417.51,243.16,39.842
420.99,243.16,39.844
422.74,243.16,39.845
429.72,243.92,39.847
419.25,243.16,39.849
420.99,243.16,39.85
420.99,243.16,39.852
419.25,243.16,39.854
420.99,243.16,39.855
415.76,243.16,39.857
414.02,243.16,39.859
419.25,243.92,39.86
420.99,243.16,39.862
419.25,243.16,39.864
419.25,243.16,39.865
415.76,243.92,39.867
420.99,243.16,39.869
412.27,243.16,39.87
419.25,243.92,39.872
420.99,243.16,39.874
420.99,243.16,39.875
420.99,243.16,39.878
420.99,243.16,39.88
419.25,243.16,39.881
414.02,243.16,39.883
420.99,243.16,39.885
427.97,243.16,39.886
420.99,243.16,39.888
420.99,243.16,39.89
420.99,243.16,39.891
420.99,243.92,39.893
420.99,243.16,39.895
419.25,243.16,39.896
419.25,243.16,39.898
417.51,243.92,39.9
419.25,243.92,39.901
427.97,243.16,39.903
420.99,243.16,39.905
426.23,243.16,39.906
424.48,243.16,39.908
420.99,243.16,39.91
420.99,243.92,39.911
420.99,243.16,39.913
419.25,243.16,39.915
420.99,243.16,39.916
420.99,243.16,39.918
420.99,243.16,39.921
420.99,243.92,39.922
419.25,243.16,39.924
420.99,243.16,39.925
414.02,243.16,39.927
422.74,243.16,39.929
420.99,243.92,39.93
420.99,243.16,39.932
420.99,243.92,39.934
420.99,243.16,39.935
419.25,243.92,39.937
419.25,243.92,39.939
420.99,243.16,39.94
420.99,243.16,39.942
427.97,243.16,39.944
419.25,243.16,39.945
420.99,243.92,39.947
420.99,243.16,39.949
419.25,243.92,39.95
420.99,243.92,39.952
419.25,243.16,39.954
417.51,243.92,39.955
420.99,243.16,39.957
420.99,243.16,39.959
419.25,243.92,39.96
426.23,243.16,39.963
420.99,243.92,39.965
422.74,243.92,39.966
420.99,243.92,39.968
420.99,243.92,39.97
422.74,243.92,39.971
417.51,243.16,39.973
422.74,243.92,39.975
419.25,243.16,39.976
417.51,243.16,39.978
417.51,243.92,39.98
417.51,243.16,39.981
415.76,243.92,39.983
417.51,243.16,39.985
420.99,243.16,39.986
414.02,243.92,39.988
417.51,243.16,39.99
417.51,243.16,39.991
417.51,243.16,39.993
417.51,243.92,39.995
417.51,243.16,39.996
417.51,243.16,39.998
422.74,243.92,40
420.99,243.16,40.001
419.25,243.16,40.003
420.99,243.16,40.006
420.99,242.39,40.007
410.53,239.33,40.009
407.04,237.03,40.011
407.04,237.03,40.012
407.04,238.57,40.014
405.29,237.03,40.015
408.78,238.57,40.017
414.02,240.1,40.019
412.27,240.1,40.02
417.51,241.63,40.022
414.02,241.63,40.024
410.53,240.86,40.025
415.76,240.86,40.027
414.02,239.33,40.029
410.53,238.57,40.03
405.29,238.57,40.032
410.53,238.57,40.034
410.53,238.57,40.035
410.53,238.57,40.037
412.27,240.1,40.039
417.51,240.1,40.04
415.76,240.86,40.042
415.76,240.86,40.044
414.02,240.86,40.045
412.27,240.1,40.048
412.27,240.1,40.05
412.27,239.33,40.051
410.53,239.33,40.053
410.53,239.33,40.055
410.53,239.33,40.056
417.51,239.33,40.058
410.53,240.1,40.06
415.76,240.1,40.061
414.02,240.1,40.063
408.78,240.86,40.065
412.27,240.1,40.066
417.51,240.1,40.068
420.99,240.1,40.07
412.27,240.1,40.071
414.02,239.33,40.073
412.27,239.33,40.075
412.27,239.33,40.076
412.27,240.1,40.078
420.99,239.33,40.08
410.53,240.1,40.081
412.27,240.1,40.083
414.02,240.86,40.085
414.02,240.86,40.086
412.27,240.1,40.088
419.25,240.1,40.091
412.27,240.1,40.092
412.27,240.1,40.094
410.53,239.33,40.096
412.27,239.33,40.097
412.27,239.33,40.099
412.27,240.1,40.1
412.27,240.1,40.102
412.27,240.1,40.104
414.02,240.1,40.105
414.02,240.1,40.107
408.78,240.1,40.109
412.27,240.1,40.11
412.27,240.1,40.112
407.04,240.1,40.114
412.27,240.1,40.115
412.27,240.1,40.117
417.51,240.1,40.119
412.27,240.1,40.12
412.27,240.1,40.122
414.02,240.1,40.124
412.27,240.1,40.125
408.78,240.1,40.127
414.02,240.1,40.129
412.27,240.1,40.13
412.27,240.1,40.132
412.27,240.1,40.135
412.27,240.1,40.136
410.53,240.1,40.138
419.25,240.1,40.14
415.76,240.1,40.141
414.02,240.1,40.143
414.02,240.1,40.145
414.02,240.1,40.146
414.02,240.1,40.148
412.27,240.1,40.15
417.51,240.1,40.151
414.02,240.1,40.153
414.02,240.1,40.155
412.27,240.1,40.156
412.27,240.1,40.158
414.02,240.1,40.16
412.27,240.1,40.161
412.27,240.1,40.163
408.78,240.1,40.165
417.51,240.1,40.166
414.02,240.1,40.168
408.78,240.1,40.17
412.27,240.1,40.171
410.53,240.1,40.173
410.53,240.86,40.176
412.27,240.1,40.177
414.02,240.1,40.179
414.02,240.1,40.181
410.53,240.1,40.182
414.02,240.1,40.184
407.04,240.1,40.186
412.27,240.1,40.187
412.27,240.86,40.189
412.27,240.1,40.19
412.27,240.1,40.192
412.27,240.1,40.194
414.02,240.1,40.195
414.02,240.1,40.197
412.27,240.1,40.199
412.27,240.1,40.2
414.02,240.1,40.202
414.02,240.1,40.204
412.27,240.1,40.205
410.53,240.1,40.207
412.27,240.1,40.209
412.27,240.86,40.21
412.27,240.1,40.212
405.29,240.86,40.214
414.02,240.1,40.215
412.27,240.1,40.217
414.02,240.1,40.22
410.53,240.1,40.221
414.02,240.1,40.223
415.76,240.1,40.225
414.02,240.1,40.226
412.27,240.1,40.228
415.76,240.1,40.23
422.74,240.1,40.231
414.02,240.1,40.233
414.02,240.86,40.235
412.27,240.86,40.236
414.02,240.1,40.238
410.53,240.86,40.24
415.76,240.86,40.241
414.02,240.1,40.243
415.76,240.86,40.245
412.27,240.1,40.246
414.02,240.1,40.248
412.27,240.1,40.25
414.02,240.1,40.251
414.02,240.1,40.253
414.02,240.1,40.255
414.02,240.86,40.256
412.27,240.1,40.258
408.78,240.86,40.26
415.76,240.1,40.262
414.02,240.1,40.264
412.27,240.1,40.266
414.02,240.1,40.267
408.78,240.1,40.269
415.76,240.1,40.271
414.02,240.1,40.272
410.53,240.86,40.274
412.27,240.86,40.275
414.02,240.1,40.277
414.02,240.1,40.279
414.02,240.86,40.28
420.99,240.86,40.282
414.02,240.86,40.284
417.51,240.1,40.285
419.25,240.1,40.287
414.02,240.1,40.289
415.76,240.86,40.29
415.76,240.1,40.292
414.02,240.1,40.294
415.76,240.1,40.295
415.76,240.1,40.297
412.27,240.86,40.299
412.27,240.86,40.3
414.02,240.86,40.302
412.27,240.1,40.305
408.78,240.1,40.306
414.02,240.86,40.308
412.27,240.1,40.31
405.29,240.86,40.311
415.76,240.86,40.313
414.02,240.1,40.315
414.02,240.86,40.316
414.02,240.1,40.318
420.99,240.86,40.32
414.02,240.1,40.321
405.29,240.1,40.323
408.78,240.1,40.325
414.02,240.1,40.326
417.51,240.86,40.328
419.25,240.1,40.33
414.02,240.86,40.331
414.02,240.86,40.333
414.02,240.1,40.335
414.02,240.86,40.336
412.27,240.1,40.338
414.02,240.1,40.34
414.02,240.86,40.341
408.78,240.1,40.343
414.02,240.1,40.345
414.02,240.86,40.347
415.76,240.86,40.349
414.02,240.1,40.351
414.02,240.1,40.352
414.02,240.1,40.354
417.51,240.86,40.356
412.27,240.86,40.357
414.02,240.1,40.359
410.53,240.1,40.36
414.02,240.1,40.362
414.02,240.86,40.364
414.02,240.86,40.365
415.76,240.86,40.367
414.02,240.1,40.369
414.02,240.86,40.37
415.76,240.86,40.372
412.27,240.86,40.374
414.02,240.1,40.375
408.78,240.86,40.377
415.76,240.86,40.379
415.76,240.86,40.38
410.53,240.86,40.382
415.76,240.1,40.384
414.02,240.86,40.385
414.02,240.1,40.387
415.76,240.86,40.39
414.02,240.1,40.391
410.53,240.1,40.393
417.51,240.1,40.395
412.27,240.86,40.396
414.02,240.1,40.398
417.51,240.86,40.4
414.02,240.1,40.401
410.53,240.86,40.403
417.51,240.1,40.405
415.76,240.86,40.406
412.27,240.86,40.408
414.02,240.1,40.41
415.76,240.86,40.411
412.27,240.1,40.413
414.02,240.86,40.415
414.02,240.86,40.416
414.02,240.86,40.418
414.02,240.86,40.42
414.02,240.86,40.421
414.02,240.86,40.423
417.51,240.86,40.425
414.02,240.86,40.426
414.02,240.1,40.428
414.02,240.86,40.43
414.02,240.1,40.432
414.02,240.86,40.434
414.02,240.86,40.436
415.76,240.1,40.437
412.27,240.86,40.439
412.27,240.86,40.441
414.02,240.86,40.442
414.02,240.86,40.444
414.02,240.1,40.446
414.02,240.86,40.447
414.02,240.1,40.449
417.51,240.86,40.45
414.02,240.86,40.452
414.02,240.86,40.454
414.02,240.86,40.455
422.74,240.86,40.457
414.02,240.86,40.459
414.02,240.86,40.46
419.25,240.86,40.462
414.02,240.86,40.464
414.02,240.1,40.465
415.76,240.1,40.467
414.02,240.1,40.469
414.02,240.86,40.47
415.76,240.86,40.472
414.02,240.86,40.475
412.27,240.86,40.476
412.27,240.86,40.478
412.27,240.86,40.48
412.27,240.86,40.481
412.27,240.86,40.483
412.27,240.86,40.485
410.53,240.86,40.486
412.27,240.86,40.488
412.27,240.86,40.49
412.27,240.86,40.491
412.27,240.86,40.493
410.53,240.86,40.495
410.53,240.86,40.496
412.27,240.86,40.498
412.27,240.86,40.5
414.02,240.1,40.501
415.76,240.1,40.503
415.76,240.86,40.505
414.02,240.1,40.506
408.78,240.86,40.508
414.02,240.86,40.51
415.76,240.86,40.511
414.02,240.86,40.513
414.02,240.86,40.515
417.51,240.1,40.516
415.76,240.86,40.519
415.76,240.1,40.521
414.02,240.86,40.522
414.02,240.86,40.524
417.51,240.86,40.526
414.02,240.86,40.527
412.27,240.86,40.529
414.02,240.86,40.531
422.74,240.86,40.532
414.02,240.1,40.534
414.02,240.86,40.535
417.51,240.86,40.537
420.99,240.86,40.539
414.02,240.86,40.54
414.02,240.86,40.542
414.02,240.86,40.544
414.02,240.86,40.545
415.76,240.86,40.547
414.02,240.1,40.549
415.76,240.86,40.55
415.76,240.86,40.552
414.02,240.1,40.554
414.02,240.86,40.555
414.02,240.86,40.557
415.76,240.86,40.56
414.02,240.86,40.561
415.76,240.86,40.563
414.02,240.86,40.565
415.76,240.86,40.566
408.78,240.86,40.568
414.02,240.86,40.57
424.48,240.86,40.571
415.76,240.86,40.573
415.76,240.86,40.575
414.02,240.86,40.576
412.27,240.1,40.578
414.02,240.86,40.58
414.02,240.86,40.581
419.25,240.86,40.583
414.02,240.86,40.585
414.02,240.86,40.586
412.27,240.86,40.588
414.02,240.86,40.59
415.76,240.86,40.591
414.02,240.86,40.593
414.02,240.1,40.595
415.76,240.86,40.596
414.02,240.86,40.598
414.02,240.86,40.6
415.76,240.86,40.601
410.53,240.86,40.604
415.76,240.86,40.606
414.02,240.86,40.607
414.02,240.86,40.609
415.76,240.1,40.611
415.76,240.86,40.612
417.51,240.86,40.614
422.74,240.86,40.616
414.02,240.86,40.617
420.99,240.86,40.619
414.02,240.86,40.621
417.51,240.86,40.622
414.02,240.86,40.624
414.02,240.86,40.625
414.02,240.86,40.627
415.76,240.1,40.629
417.51,240.86,40.63
419.25,240.1,40.632
410.53,240.86,40.634
414.02,240.86,40.635
412.27,240.86,40.637
414.02,240.86,40.639
415.76,240.86,40.64
414.02,240.86,40.642
410.53,240.86,40.644
417.51,240.86,40.646
415.76,240.86,40.648
414.02,240.86,40.65
415.76,240.86,40.651
415.76,240.86,40.653
414.02,240.86,40.655
414.02,240.86,40.656
415.76,240.86,40.658
414.02,240.86,40.66
414.02,240.86,40.661
415.76,240.86,40.663
414.02,240.86,40.665
415.76,240.86,40.666
414.02,240.86,40.668
414.02,240.86,40.67
415.76,240.86,40.671
412.27,240.86,40.673
419.25,240.86,40.675
412.27,240.86,40.676
414.02,240.86,40.678
415.76,240.86,40.68
414.02,240.86,40.681
415.76,240.86,40.683
415.76,240.86,40.685
415.76,240.86,40.686
415.76,240.86,40.689
412.27,240.86,40.691
414.02,240.86,40.692
414.02,240.86,40.694
412.27,240.86,40.696
412.27,240.86,40.697
414.02,240.86,40.699
415.76,241.63,40.701
415.76,240.1,40.702
408.78,240.86,40.704
414.02,240.86,40.706
414.02,240.86,40.707
412.27,240.86,40.709
420.99,240.1,40.71
415.76,240.86,40.712
415.76,240.86,40.714
414.02,240.86,40.715
414.02,240.86,40.717
415.76,240.86,40.719
414.02,240.86,40.72
414.02,240.86,40.722
415.76,240.86,40.724
415.76,240.86,40.725
422.74,240.86,40.727
415.76,240.86,40.729
415.76,240.86,40.731
415.76,240.86,40.733
414.02,240.86,40.735
414.02,240.86,40.736
414.02,240.86,40.738
414.02,240.86,40.74
415.76,240.86,40.741
414.02,240.86,40.743
414.02,240.86,40.745
415.76,240.86,40.746
417.51,240.86,40.748
412.27,240.86,40.75
414.02,240.86,40.751
419.25,240.86,40.753
414.02,240.86,40.755
414.02,241.63,40.756
415.76,241.63,40.758
415.76,240.86,40.76
415.76,240.86,40.761
419.25,240.86,40.763
414.02,240.86,40.765
414.02,240.86,40.766
419.25,240.86,40.768
414.02,240.86,40.77
422.74,240.86,40.771
414.02,240.86,40.774
414.02,240.86,40.776
415.76,240.86,40.777
414.02,240.86,40.779
407.04,240.86,40.781
415.76,241.63,40.782
414.02,240.86,40.784
414.02,240.86,40.786
414.02,240.86,40.787
415.76,241.63,40.789
424.48,240.86,40.791
414.02,240.86,40.792
414.02,240.86,40.794
414.02,240.86,40.795
415.76,240.86,40.797
414.02,240.86,40.799
414.02,240.86,40.8
417.51,241.63,40.802
414.02,240.86,40.804
414.02,240.86,40.805
414.02,240.86,40.807
415.76,240.86,40.809
410.53,240.86,40.81
415.76,240.86,40.812
420.99,240.86,40.814
414.02,240.86,40.816
417.51,240.86,40.818
415.76,240.86,40.82
414.02,240.86,40.821
415.76,240.86,40.823
414.02,240.86,40.825
414.02,240.86,40.826
414.02,240.86,40.828
415.76,240.86,40.83
415.76,240.86,40.831
412.27,241.63,40.833
415.76,240.86,40.835
415.76,240.86,40.836
412.27,240.86,40.838
414.02,240.86,40.84
415.76,240.86,40.841
414.02,240.86,40.843
414.02,240.86,40.845
412.27,240.86,40.846
415.76,240.86,40.848
414.02,240.86,40.85
415.76,241.63,40.851
415.76,240.86,40.853
414.02,240.86,40.855
412.27,240.86,40.856
415.76,240.86,40.859
415.76,241.63,40.861
417.51,240.86,40.862
414.02,240.86,40.864
410.53,240.86,40.866
414.02,240.86,40.867
415.76,240.86,40.869
415.76,240.86,40.871
419.25,240.86,40.872
414.02,241.63,40.874
414.02,240.86,40.876
415.76,240.86,40.877
415.76,240.86,40.879
417.51,240.86,40.881
415.76,240.86,40.882
415.76,240.86,40.884
415.76,240.86,40.885
407.04,241.63,40.887
420.99,240.86,40.889
415.76,240.86,40.89
414.02,240.86,40.892
415.76,240.86,40.894
415.76,240.86,40.895
414.02,240.86,40.897
415.76,240.86,40.899
415.76,240.86,40.9
415.76,241.63,40.903
414.02,240.86,40.905
414.02,240.86,40.906
422.74,240.86,40.908
412.27,240.86,40.91
415.76,240.86,40.911
420.99,240.86,40.913
412.27,241.63,40.915
415.76,241.63,40.916
415.76,240.86,40.918
415.76,240.86,40.92
417.51,240.86,40.921
415.76,240.86,40.923
415.76,240.86,40.925
415.76,240.86,40.926
414.02,240.86,40.928
415.76,240.86,40.93
419.25,241.63,40.931
414.02,240.86,40.933
415.76,241.63,40.935
414.02,240.86,40.936
414.02,240.86,40.938
415.76,241.63,40.94
417.51,241.63,40.941
415.76,240.86,40.944
412.27,241.63,40.946
415.76,240.86,40.947
417.51,241.63,40.949
415.76,240.86,40.951
415.76,240.86,40.952
415.76,240.86,40.954
415.76,241.63,40.956
415.76,240.86,40.957
417.51,240.86,40.959
415.76,241.63,40.961
415.76,240.86,40.962
417.51,240.86,40.964
414.02,241.63,40.966
415.76,240.86,40.967
415.76,240.86,40.969
417.51,241.63,40.97
415.76,241.63,40.972
412.27,240.86,40.974
412.27,240.86,40.975
412.27,241.63,40.977
414.02,240.86,40.979
414.02,241.63,40.98
412.27,240.86,40.982
412.27,240.86,40.984
414.02,240.86,40.985
414.02,240.86,40.988
414.02,241.63,40.99
414.02,241.63,40.991
412.27,240.86,40.993
414.02,240.86,40.995
414.02,241.63,40.996
408.78,240.86,40.998
412.27,241.63,41
410.53,241.63,41.001
415.76,241.63,41.003
407.04,241.63,41.005
408.78,241.63,41.006
415.76,240.86,41.008
415.76,241.63,41.01
419.25,240.86,41.011
419.25,240.86,41.013
414.02,241.63,41.015
424.48,240.86,41.016
417.51,241.63,41.018
415.76,241.63,41.02
415.76,240.86,41.021
414.02,240.86,41.023
415.76,240.86,41.025
414.02,241.63,41.026
415.76,240.86,41.028
414.02,240.86,41.031
414.02,241.63,41.032
414.02,240.86,41.034
415.76,240.86,41.036
415.76,240.86,41.037
415.76,241.63,41.039
415.76,240.86,41.041
408.78,240.86,41.042
415.76,241.63,41.044
415.76,240.86,41.046
414.02,240.86,41.047
414.02,240.86,41.049
415.76,240.86,41.051
415.76,240.86,41.052
415.76,240.86,41.054
415.76,241.63,41.056
414.02,240.86,41.057
414.02,240.86,41.059
417.51,241.63,41.06
420.99,240.86,41.062
412.27,241.63,41.064
415.76,240.86,41.065
422.74,240.86,41.067
415.76,240.86,41.069
415.76,240.86,41.07
420.99,240.86,41.073
415.76,240.86,41.075
414.02,240.86,41.076
417.51,241.63,41.078
417.51,240.86,41.08
412.27,241.63,41.081
414.02,240.86,41.083
415.76,241.63,41.085
415.76,241.63,41.086
415.76,241.63,41.088
417.51,240.86,41.09
415.76,240.86,41.091
408.78,241.63,41.093
415.76,241.63,41.095
414.02,240.86,41.096
415.76,240.86,41.098
415.76,240.86,41.1
415.76,240.86,41.101
415.76,240.86,41.103
419.25,240.86,41.105
415.76,240.86,41.106
417.51,241.63,41.108
415.76,240.86,41.11
415.76,240.86,41.111
410.53,241.63,41.113
415.76,241.63,41.116
414.02,240.86,41.117
415.76,240.86,41.119
412.27,241.63,41.121
415.76,241.63,41.122
414.02,240.86,41.124
417.51,240.86,41.126
415.76,240.86,41.127
417.51,241.63,41.129
420.99,240.86,41.131
415.76,240.86,41.132
415.76,240.86,41.134
414.02,241.63,41.136
415.76,240.86,41.137
415.76,240.86,41.139
414.02,241.63,41.141
415.76,241.63,41.142
415.76,240.86,41.144
417.51,240.86,41.145
415.76,240.86,41.147
422.74,240.86,41.149
414.02,241.63,41.15
415.76,240.86,41.152
417.51,240.86,41.154
420.99,240.86,41.155
415.76,241.63,41.158
417.51,240.86,41.16
415.76,241.63,41.161
415.76,241.63,41.163
415.76,240.86,41.165
412.27,241.63,41.166
417.51,241.63,41.168
415.76,240.86,41.17
410.53,240.86,41.171
415.76,241.63,41.173
415.76,240.86,41.175
415.76,241.63,41.176
415.76,241.63,41.178
415.76,241.63,41.18
415.76,240.86,41.181
415.76,240.86,41.183
420.99,240.86,41.185
415.76,240.86,41.186
410.53,241.63,41.188
417.51,240.86,41.19
415.76,240.86,41.191
415.76,241.63,41.193
415.76,240.86,41.195
417.51,240.86,41.196
417.51,240.86,41.198
420.99,241.63,41.201
415.76,241.63,41.202
415.76,241.63,41.204
417.51,241.63,41.206
415.76,241.63,41.207
417.51,240.86,41.209
415.76,240.86,41.211
417.51,240.86,41.212
417.51,240.86,41.214
415.76,241.63,41.216
415.76,240.86,41.217
415.76,241.63,41.219
414.02,241.63,41.221
415.76,241.63,41.222
415.76,240.86,41.224
417.51,240.86,41.226
415.76,241.63,41.227
417.51,240.86,41.229
414.02,240.86,41.23
415.76,241.63,41.232
415.76,241.63,41.234
414.02,241.63,41.235
417.51,241.63,41.237
415.76,241.63,41.239
415.76,241.63,41.24
415.76,241.63,41.243
415.76,241.63,41.245
415.76,240.86,41.246
417.51,241.63,41.248
415.76,240.86,41.25
419.25,240.86,41.251
415.76,240.86,41.253
415.76,240.86,41.255
415.76,240.86,41.256
417.51,241.63,41.258
422.74,241.63,41.26
417.51,240.86,41.261
422.74,241.63,41.263
414.02,240.86,41.265
415.76,241.63,41.266
414.02,240.86,41.268
415.76,241.63,41.27
415.76,241.63,41.271
415.76,241.63,41.273
415.76,241.63,41.275
415.76,241.63,41.276
417.51,241.63,41.278
415.76,241.63,41.28
420.99,240.86,41.281
415.76,241.63,41.283
415.76,241.63,41.286
415.76,240.86,41.287
415.76,241.63,41.289
415.76,241.63,41.291
415.76,241.63,41.292
415.76,241.63,41.294
420.99,241.63,41.296
415.76,241.63,41.297
419.25,241.63,41.299
415.76,241.63,41.301
415.76,241.63,41.302
415.76,240.86,41.304
414.02,241.63,41.306
415.76,241.63,41.307
415.76,241.63,41.309
415.76,241.63,41.311
415.76,240.86,41.312
415.76,241.63,41.314
417.51,241.63,41.316
415.76,241.63,41.317
415.76,241.63,41.319
408.78,241.63,41.32
424.48,241.63,41.322
417.51,241.63,41.324
417.51,241.63,41.325
415.76,241.63,41.328
412.27,240.86,41.33
422.74,241.63,41.331
415.76,240.86,41.333
415.76,241.63,41.335
415.76,241.63,41.336
415.76,240.86,41.338
415.76,241.63,41.34
415.76,240.86,41.341
414.02,241.63,41.343
414.02,241.63,41.345
415.76,241.63,41.346
417.51,241.63,41.348
415.76,241.63,41.35
415.76,241.63,41.351
408.78,241.63,41.353
415.76,241.63,41.355
420.99,240.86,41.356
410.53,241.63,41.358
415.76,241.63,41.36
414.02,241.63,41.361
415.76,240.86,41.363
410.53,240.86,41.365
415.76,241.63,41.366
417.51,241.63,41.368
417.51,240.86,41.371
415.76,241.63,41.372
424.48,240.86,41.374
415.76,240.86,41.376
408.78,240.86,41.377
415.76,241.63,41.379
415.76,241.63,41.381
415.76,240.86,41.382
415.76,241.63,41.384
410.53,241.63,41.386
414.02,241.63,41.387
417.51,241.63,41.389
417.51,241.63,41.391
415.76,241.63,41.392
415.76,240.86,41.394
415.76,241.63,41.396
415.76,241.63,41.397
415.76,241.63,41.399
415.76,241.63,41.401
415.76,241.63,41.402
415.76,241.63,41.404
417.51,241.63,41.405
415.76,240.86,41.407
414.02,241.63,41.409
415.76,240.86,41.41
417.51,241.63,41.412
419.25,241.63,41.415
417.51,240.86,41.416
417.51,240.86,41.418
415.76,241.63,41.42
415.76,241.63,41.421
414.02,241.63,41.423
415.76,241.63,41.425
415.76,240.86,41.426
417.51,240.86,41.428
415.76,241.63,41.43
417.51,241.63,41.431
415.76,241.63,41.433
415.76,241.63,41.435
414.02,240.86,41.436
415.76,241.63,41.438
415.76,240.86,41.44
415.76,241.63,41.441
415.76,240.86,41.443
415.76,241.63,41.445
412.27,241.63,41.446
417.51,240.86,41.448
412.27,241.63,41.45
414.02,241.63,41.451
415.76,241.63,41.453
415.76,241.63,41.456
415.76,241.63,41.457
417.51,241.63,41.459
415.76,241.63,41.461
415.76,241.63,41.462
415.76,241.63,41.464
420.99,240.86,41.466
415.76,241.63,41.467
415.76,241.63,41.469
417.51,241.63,41.471
412.27,241.63,41.472
414.02,241.63,41.474
412.27,241.63,41.476
414.02,241.63,41.477
419.25,241.63,41.479
414.02,241.63,41.481
414.02,241.63,41.482
414.02,241.63,41.484
414.02,241.63,41.486
414.02,241.63,41.487
414.02,241.63,41.489
412.27,241.63,41.491
412.27,241.63,41.492
414.02,241.63,41.494
412.27,241.63,41.495
410.53,241.63,41.497
412.27,241.63,41.5
415.76,241.63,41.501
415.76,240.86,41.503
415.76,241.63,41.505
414.02,240.86,41.506
410.53,237.8,41.508
401.81,235.5,41.51
400.06,234.74,41.511
407.04,236.27,41.513
408.78,235.5,41.515
408.78,237.03,41.516
408.78,238.57,41.518
410.53,238.57,41.52
410.53,239.33,41.521
412.27,239.33,41.523
415.76,239.33,41.525
410.53,238.57,41.526
407.04,237.8,41.528
405.29,237.03,41.53
405.29,236.27,41.531
405.29,237.03,41.533
410.53,237.03,41.535
405.29,237.03,41.536
408.78,237.8,41.538
410.53,238.57,41.54
415.76,238.57,41.542
410.53,238.57,41.544
410.53,238.57,41.546
410.53,238.57,41.547
407.04,237.8,41.549
407.04,237.8,41.551
412.27,237.8,41.552
408.78,237.03,41.554
407.04,237.03,41.556
412.27,237.8,41.557
407.04,237.8,41.559
410.53,237.8,41.561
410.53,238.57,41.562
408.78,238.57,41.564
408.78,238.57,41.566
401.81,238.57,41.567
408.78,238.57,41.569
405.29,237.8,41.571
407.04,237.8,41.572
407.04,237.8,41.574
405.29,237.8,41.576
410.53,237.8,41.577
410.53,237.8,41.579
405.29,237.8,41.58
408.78,237.8,41.582
408.78,238.57,41.585
410.53,238.57,41.586
408.78,238.57,41.588
407.04,238.57,41.59
414.02,237.8,41.591
410.53,237.8,41.593
408.78,237.8,41.595
407.04,237.8,41.596
405.29,237.8,41.598
408.78,237.8,41.6
407.04,238.57,41.601
408.78,237.8,41.603
403.55,238.57,41.605
408.78,237.8,41.606
408.78,238.57,41.608
410.53,238.57,41.61
408.78,237.8,41.611
412.27,237.8,41.613
408.78,237.8,41.615
407.04,237.8,41.616
405.29,237.8,41.618
407.04,237.8,41.62
407.04,237.8,41.621
408.78,238.57,41.623
414.02,237.8,41.625
408.78,238.57,41.627
408.78,237.8,41.629
408.78,238.57,41.631
410.53,238.57,41.632
408.78,238.57,41.634
401.81,237.8,41.636
407.04,237.8,41.637
417.51,237.8,41.639
408.78,237.8,41.641
408.78,237.8,41.642
408.78,237.8,41.644
408.78,238.57,41.646
408.78,237.8,41.647
408.78,238.57,41.649
408.78,237.8,41.651
410.53,238.57,41.652
408.78,237.8,41.654
408.78,237.8,41.656
407.04,237.8,41.657
408.78,237.8,41.659
407.04,237.8,41.661
408.78,237.8,41.662
410.53,237.8,41.664
408.78,238.57,41.665
408.78,238.57,41.667
408.78,238.57,41.67
407.04,237.8,41.671
408.78,238.57,41.673
407.04,238.57,41.675
410.53,237.8,41.676
408.78,237.8,41.678
407.04,237.8,41.68
405.29,237.8,41.681
412.27,238.57,41.683
408.78,238.57,41.685
408.78,238.57,41.686
410.53,238.57,41.688
408.78,238.57,41.69
407.04,237.8,41.691
408.78,237.8,41.693
408.78,238.57,41.695
410.53,238.57,41.696
408.78,238.57,41.698
415.76,238.57,41.7
408.78,237.8,41.701
415.76,237.8,41.703
408.78,237.8,41.705
405.29,237.8,41.706
401.81,237.8,41.708
408.78,238.57,41.71
403.55,238.57,41.712
408.78,237.8,41.714
410.53,238.57,41.716
407.04,237.8,41.717
407.04,237.8,41.719
408.78,238.57,41.721
410.53,238.57,41.722
415.76,238.57,41.724
408.78,238.57,41.726
408.78,238.57,41.727
403.55,237.8,41.729
410.53,237.8,41.731
405.29,238.57,41.732
407.04,238.57,41.734
408.78,238.57,41.736
408.78,238.57,41.737
410.53,238.57,41.739
407.04,238.57,41.741
408.78,237.8,41.742
403.55,237.8,41.744
408.78,238.57,41.746
412.27,237.8,41.747
408.78,238.57,41.749
408.78,238.57,41.751
408.78,237.8,41.752
401.81,238.57,41.755
408.78,238.57,41.756
408.78,238.57,41.758
410.53,237.8,41.76
412.27,238.57,41.761
415.76,237.8,41.763
408.78,237.8,41.765
408.78,238.57,41.766
408.78,237.8,41.768
408.78,238.57,41.77
408.78,238.57,41.771
414.02,237.8,41.773
403.55,238.57,41.775
405.29,238.57,41.776
408.78,238.57,41.778
408.78,237.8,41.78
403.55,238.57,41.781
403.55,237.8,41.783
412.27,238.57,41.785
408.78,238.57,41.786
405.29,238.57,41.788
408.78,238.57,41.79
407.04,238.57,41.791
407.04,237.8,41.793
408.78,238.57,41.795
408.78,237.8,41.796
408.78,238.57,41.799
408.78,237.8,41.801
403.55,238.57,41.802
403.55,238.57,41.804
407.04,238.57,41.806
408.78,238.57,41.807
408.78,238.57,41.809
408.78,238.57,41.811
408.78,238.57,41.812
408.78,238.57,41.814
408.78,237.8,41.816
407.04,238.57,41.817
408.78,238.57,41.819
414.02,238.57,41.821
408.78,238.57,41.822
407.04,238.57,41.824
407.04,237.8,41.826
408.78,237.8,41.827
408.78,238.57,41.829
403.55,238.57,41.831
408.78,238.57,41.832
410.53,237.8,41.834
410.53,238.57,41.836
408.78,238.57,41.837
408.78,238.57,41.84
408.78,238.57,41.841
407.04,238.57,41.843
408.78,238.57,41.845
408.78,238.57,41.846
408.78,238.57,41.848
412.27,238.57,41.85
410.53,237.8,41.851
408.78,238.57,41.853
408.78,238.57,41.855
407.04,238.57,41.856
408.78,238.57,41.858
408.78,238.57,41.86
408.78,238.57,41.861
407.04,237.8,41.863
410.53,238.57,41.865
408.78,238.57,41.866
408.78,238.57,41.868
408.78,238.57,41.87
407.04,238.57,41.871
408.78,237.8,41.873
408.78,238.57,41.875
407.04,238.57,41.876
410.53,238.57,41.878
410.53,238.57,41.88
408.78,238.57,41.881
403.55,238.57,41.884
408.78,238.57,41.886
408.78,238.57,41.887
408.78,237.8,41.889
407.04,238.57,41.891
407.04,238.57,41.892
408.78,238.57,41.894
408.78,238.57,41.896
407.04,238.57,41.897
408.78,238.57,41.899
407.04,237.8,41.901
408.78,238.57,41.902
408.78,238.57,41.904
408.78,237.8,41.906
408.78,238.57,41.907
407.04,237.8,41.909
405.29,238.57,41.911
405.29,238.57,41.912
408.78,238.57,41.914
408.78,238.57,41.916
407.04,238.57,41.917
410.53,238.57,41.919
408.78,238.57,41.921
408.78,238.57,41.922
407.04,238.57,41.924
408.78,238.57,41.927
408.78,237.8,41.928
408.78,238.57,41.93
415.76,238.57,41.931
410.53,238.57,41.933
408.78,238.57,41.935
407.04,238.57,41.936
407.04,238.57,41.938
403.55,238.57,41.94
408.78,238.57,41.941
408.78,238.57,41.943
407.04,238.57,41.945
408.78,238.57,41.946
408.78,238.57,41.948
410.53,238.57,41.95
410.53,238.57,41.951
408.78,238.57,41.953
415.76,238.57,41.955
408.78,238.57,41.956
408.78,238.57,41.958
408.78,238.57,41.96
407.04,238.57,41.961
408.78,238.57,41.963
408.78,238.57,41.965
408.78,238.57,41.966
415.76,238.57,41.969
410.53,238.57,41.971
403.55,238.57,41.972
405.29,238.57,41.974
412.27,238.57,41.976
405.29,238.57,41.977
407.04,238.57,41.979
405.29,238.57,41.981
407.04,238.57,41.982
405.29,238.57,41.984
401.81,238.57,41.986
407.04,238.57,41.987
407.04,238.57,41.989
405.29,238.57,41.991
407.04,238.57,41.992
407.04,238.57,41.994
407.04,238.57,41.996
407.04,238.57,41.997
407.04,238.57,41.999
405.29,238.57,42.001
408.78,238.57,42.002
408.78,238.57,42.004
407.04,238.57,42.006
400.06,234.74,42.007
396.57,230.15,42.009
387.85,228.62,42.012
386.11,228.62,42.013
387.85,228.62,42.015
387.85,228.62,42.016
387.85,230.15,42.018
391.34,232.44,42.02
407.04,233.21,42.021
396.57,233.97,42.023
401.81,233.97,42.025
398.32,233.21,42.026
398.32,231.68,42.028
396.57,231.68,42.03
400.06,230.15,42.031
387.85,230.15,42.033
389.59,230.15,42.035
387.85,230.15,42.036
391.34,230.91,42.038
391.34,231.68,42.04
393.08,232.44,42.041
394.83,233.21,42.043
394.83,233.21,42.045
403.55,232.44,42.046
394.83,232.44,42.048
394.83,231.68,42.05
389.59,230.91,42.051
391.34,230.91,42.054
387.85,230.15,42.056
389.59,230.91,42.057
391.34,231.68,42.059
393.08,231.68,42.061
394.83,231.68,42.062
394.83,232.44,42.064
394.83,232.44,42.066
394.83,232.44,42.067
393.08,231.68,42.069
393.08,231.68,42.071
393.08,231.68,42.072
391.34,230.91,42.074
391.34,230.91,42.076
391.34,231.68,42.077
393.08,231.68,42.079
393.08,231.68,42.081
393.08,231.68,42.082
393.08,231.68,42.084
394.83,232.44,42.086
394.83,232.44,42.087
393.08,232.44,42.089
393.08,231.68,42.091
387.85,231.68,42.092
393.08,231.68,42.094
393.08,231.68,42.097
391.34,231.68,42.098
393.08,231.68,42.1
393.08,231.68,42.101
393.08,231.68,42.103
393.08,231.68,42.105
393.08,230.91,42.106
394.83,231.68,42.108
394.83,231.68,42.11
391.34,231.68,42.111
393.08,231.68,42.113
391.34,231.68,42.115
391.34,231.68,42.116
393.08,231.68,42.118
391.34,231.68,42.12
389.59,231.68,42.121
391.34,231.68,42.123
394.83,231.68,42.125
393.08,231.68,42.126
394.83,232.44,42.128
394.83,232.44,42.13
393.08,231.68,42.131
393.08,231.68,42.133
394.83,231.68,42.135
396.57,231.68,42.136
396.57,231.68,42.139
393.08,231.68,42.141
393.08,231.68,42.142
394.83,232.44,42.144
393.08,231.68,42.146
394.83,232.44,42.147
394.83,232.44,42.149
394.83,232.44,42.151
394.83,232.44,42.152
400.06,231.68,42.154
393.08,231.68,42.156
393.08,231.68,42.157
389.59,231.68,42.159
394.83,231.68,42.161
393.08,231.68,42.162
394.83,231.68,42.164
391.34,231.68,42.166
394.83,232.44,42.167
394.83,232.44,42.169
394.83,231.68,42.171
398.32,232.44,42.172
394.83,232.44,42.174
398.32,232.44,42.176
393.08,231.68,42.177
393.08,231.68,42.179
393.08,231.68,42.182
394.83,231.68,42.183
393.08,231.68,42.185
393.08,231.68,42.187
400.06,231.68,42.188
393.08,232.44,42.19
394.83,231.68,42.191
394.83,232.44,42.193
400.06,231.68,42.195
394.83,231.68,42.196
394.83,230.91,42.198
393.08,232.44,42.2
394.83,231.68,42.201
393.08,231.68,42.203
393.08,231.68,42.205
394.83,231.68,42.206
394.83,231.68,42.208
393.08,231.68,42.21
394.83,231.68,42.211
396.57,232.44,42.213
394.83,231.68,42.215
393.08,231.68,42.216
393.08,231.68,42.218
394.83,231.68,42.22
393.08,231.68,42.221
393.08,231.68,42.224
393.08,232.44,42.226
393.08,231.68,42.227
393.08,231.68,42.229
394.83,232.44,42.231
394.83,232.44,42.232
391.34,232.44,42.234
393.08,231.68,42.236
394.83,232.44,42.237
394.83,231.68,42.239
393.08,232.44,42.241
394.83,232.44,42.242
394.83,231.68,42.244
393.08,231.68,42.246
394.83,231.68,42.247
394.83,231.68,42.249
389.59,232.44,42.251
394.83,231.68,42.252
393.08,231.68,42.254
393.08,231.68,42.256
393.08,231.68,42.257
394.83,232.44,42.259
393.08,231.68,42.261
389.59,232.44,42.262
394.83,232.44,42.264
393.08,231.68,42.267
394.83,232.44,42.268
394.83,232.44,42.27
394.83,231.68,42.272
393.08,232.44,42.273
394.83,232.44,42.275
394.83,232.44,42.276
393.08,231.68,42.278
393.08,232.44,42.28
394.83,232.44,42.281
396.57,232.44,42.283
393.08,232.44,42.285
394.83,232.44,42.286
394.83,232.44,42.288
394.83,232.44,42.29
394.83,231.68,42.291
394.83,232.44,42.293
396.57,232.44,42.295
394.83,231.68,42.296
394.83,231.68,42.298
393.08,232.44,42.3
389.59,232.44,42.301
398.32,232.44,42.303
394.83,232.44,42.305
391.34,231.68,42.306
393.08,232.44,42.308
396.57,232.44,42.311
394.83,232.44,42.312
393.08,232.44,42.314
394.83,231.68,42.316
389.59,232.44,42.317
393.08,232.44,42.319
394.83,232.44,42.321
396.57,232.44,42.322
394.83,232.44,42.324
393.08,232.44,42.326
394.83,231.68,42.327
394.83,232.44,42.329
394.83,232.44,42.331
394.83,232.44,42.332
393.08,232.44,42.334
394.83,232.44,42.336
393.08,232.44,42.337
394.83,231.68,42.339
394.83,232.44,42.341
394.83,232.44,42.342
398.32,232.44,42.344
394.83,232.44,42.346
394.83,232.44,42.347
394.83,232.44,42.349
396.57,231.68,42.352
394.83,231.68,42.353
400.06,232.44,42.355
394.83,232.44,42.357
401.81,232.44,42.358
394.83,232.44,42.36
394.83,232.44,42.362
394.83,232.44,42.363
394.83,232.44,42.365
396.57,232.44,42.366
394.83,232.44,42.368
394.83,232.44,42.37
387.85,232.44,42.371
393.08,232.44,42.373
394.83,231.68,42.375
391.34,232.44,42.376
394.83,232.44,42.378
394.83,232.44,42.38
393.08,232.44,42.381
394.83,232.44,42.383
394.83,232.44,42.385
394.83,232.44,42.386
394.83,232.44,42.388
394.83,232.44,42.39
396.57,232.44,42.391
389.59,232.44,42.393
394.83,232.44,42.396
394.83,232.44,42.397
396.57,231.68,42.399
394.83,232.44,42.401
387.85,232.44,42.402
394.83,232.44,42.404
394.83,232.44,42.406
394.83,232.44,42.407
396.57,231.68,42.409
394.83,232.44,42.411
394.83,232.44,42.412
396.57,232.44,42.414
394.83,232.44,42.416
394.83,231.68,42.417
394.83,232.44,42.419
393.08,232.44,42.421
396.57,232.44,42.422
393.08,232.44,42.424
400.06,232.44,42.426
394.83,232.44,42.427
394.83,232.44,42.429
394.83,232.44,42.431
396.57,232.44,42.432
389.59,232.44,42.434
394.83,232.44,42.436
394.83,232.44,42.438
394.83,232.44,42.44
394.83,232.44,42.442
393.08,232.44,42.443
394.83,232.44,42.445
394.83,232.44,42.447
394.83,232.44,42.448
391.34,232.44,42.45
394.83,232.44,42.451
394.83,232.44,42.453
391.34,232.44,42.455
394.83,232.44,42.456
393.08,232.44,42.458
394.83,232.44,42.46
394.83,232.44,42.461
394.83,232.44,42.463
396.57,232.44,42.465
394.83,232.44,42.466
394.83,232.44,42.468
394.83,231.68,42.47
396.57,232.44,42.471
393.08,232.44,42.473
386.11,232.44,42.475
393.08,232.44,42.476
391.34,232.44,42.478
391.34,232.44,42.481
393.08,232.44,42.482
391.34,232.44,42.484
393.08,232.44,42.486
393.08,232.44,42.487
394.83,232.44,42.489
393.08,232.44,42.491
391.34,232.44,42.492
393.08,232.44,42.494
391.34,232.44,42.496
389.59,232.44,42.497
393.08,232.44,42.499
393.08,232.44,42.501
393.08,232.44,42.502
394.83,232.44,42.504
393.08,232.44,42.506
387.85,232.44,42.507
386.11,228.62,42.509
384.36,228.62,42.511
386.11,227.85,42.512
386.11,228.62,42.514
384.36,228.62,42.516
386.11,229.38,42.517
387.85,230.15,42.519
391.34,230.91,42.521
391.34,230.91,42.523
391.34,230.91,42.525
391.34,231.68,42.527
391.34,230.15,42.528
398.32,230.15,42.53
387.85,229.38,42.532
387.85,228.62,42.533
387.85,229.38,42.535
387.85,229.38,42.536
386.11,229.38,42.538
387.85,230.15,42.54
391.34,230.15,42.541
391.34,230.15,42.543
393.08,230.91,42.545
394.83,230.91,42.546
391.34,230.15,42.548
389.59,230.15,42.55
389.59,229.38,42.551
389.59,229.38,42.553
393.08,229.38,42.555
386.11,229.38,42.556
386.11,229.38,42.558
387.85,229.38,42.56
393.08,230.15,42.561
389.59,230.15,42.563
389.59,230.15,42.566
391.34,230.91,42.567
393.08,230.91,42.569
396.57,230.15,42.571
389.59,230.15,42.572
387.85,229.38,42.574
393.08,229.38,42.576
387.85,229.38,42.577
384.36,229.38,42.579
389.59,230.15,42.581
389.59,230.15,42.582
389.59,230.91,42.584
391.34,230.15,42.586
391.34,230.15,42.587
389.59,230.15,42.589
389.59,230.15,42.591
389.59,230.15,42.592
391.34,230.15,42.594
389.59,230.15,42.596
387.85,230.15,42.597
389.59,230.15,42.599
389.59,230.15,42.601
391.34,230.15,42.602
389.59,230.15,42.604
387.85,230.15,42.606
391.34,230.15,42.608
389.59,230.15,42.61
391.34,230.91,42.612
389.59,230.15,42.613
386.11,230.15,42.615
389.59,230.15,42.617
387.85,230.15,42.618
396.57,230.15,42.62
389.59,230.15,42.622
387.85,230.15,42.623
386.11,230.15,42.625
389.59,230.91,42.626
391.34,230.15,42.628
386.11,230.15,42.63
389.59,230.91,42.631
387.85,230.15,42.633
389.59,230.15,42.635
387.85,230.15,42.636
389.59,230.15,42.638
387.85,230.15,42.64
389.59,230.15,42.641
389.59,230.15,42.643
386.11,230.15,42.645
389.59,230.15,42.646
389.59,230.15,42.648
389.59,230.15,42.651
391.34,230.15,42.652
389.59,230.15,42.654
389.59,230.15,42.656
387.85,230.15,42.657
389.59,230.15,42.659
382.62,230.15,42.661
389.59,230.15,42.662
389.59,230.15,42.664
391.34,230.15,42.666
387.85,230.91,42.667
391.34,230.91,42.669
391.34,230.15,42.671
389.59,230.15,42.672
391.34,230.15,42.674
389.59,230.15,42.676
393.08,230.15,42.677
389.59,230.15,42.679
391.34,230.15,42.681
386.11,230.15,42.682
389.59,230.91,42.684
391.34,230.15,42.686
389.59,230.15,42.687
389.59,230.15,42.689
389.59,230.15,42.691
389.59,230.15,42.692
389.59,230.15,42.695
389.59,230.15,42.697
389.59,230.15,42.698
389.59,230.15,42.7
389.59,230.15,42.702
386.11,230.91,42.703
389.59,230.15,42.705
389.59,230.91,42.707
391.34,230.15,42.708
391.34,230.15,42.71
389.59,230.15,42.711
391.34,230.15,42.713
391.34,230.15,42.715
389.59,230.15,42.716
394.83,230.15,42.718
389.59,229.38,42.72
391.34,230.15,42.721
391.34,230.15,42.723
389.59,230.91,42.725
391.34,230.15,42.726
389.59,230.15,42.728
389.59,230.15,42.73
391.34,230.91,42.731
391.34,230.15,42.733
389.59,230.91,42.736
389.59,230.15,42.737
389.59,230.15,42.739
386.11,230.15,42.741
391.34,230.91,42.742
389.59,230.15,42.744
391.34,230.15,42.746
391.34,230.15,42.747
391.34,230.15,42.749
391.34,230.91,42.751
382.62,230.15,42.752
389.59,230.15,42.754
389.59,230.91,42.756
389.59,230.91,42.757
389.59,230.15,42.759
389.59,230.15,42.761
391.34,230.91,42.762
389.59,230.15,42.764
391.34,230.15,42.766
389.59,230.91,42.767
389.59,230.91,42.769
387.85,230.91,42.771
389.59,230.15,42.772
391.34,230.15,42.774
391.34,230.91,42.776
389.59,230.15,42.777
391.34,230.15,42.78
391.34,230.15,42.782
391.34,230.91,42.783
389.59,230.15,42.785
389.59,230.91,42.787
389.59,230.91,42.788
389.59,230.91,42.79
389.59,230.91,42.792
391.34,230.91,42.793
391.34,230.15,42.795
386.11,230.15,42.797
393.08,230.91,42.798
393.08,230.15,42.8
389.59,230.15,42.801
389.59,230.15,42.803
389.59,230.15,42.805
389.59,230.91,42.806
393.08,230.91,42.808
391.34,230.15,42.81
391.34,230.15,42.811
391.34,230.91,42.813
387.85,230.15,42.815
389.59,230.91,42.816
391.34,230.91,42.818
394.83,230.91,42.82
391.34,230.91,42.822
391.34,230.15,42.824
387.85,230.15,42.826
391.34,230.15,42.827
393.08,230.91,42.829
391.34,230.91,42.831
393.08,230.91,42.832
391.34,230.15,42.834
391.34,230.91,42.836
391.34,230.15,42.837
389.59,230.15,42.839
393.08,230.15,42.841
389.59,230.91,42.842
389.59,230.91,42.844
389.59,230.91,42.846
391.34,230.15,42.847
391.34,230.91,42.849
389.59,230.91,42.851
389.59,230.91,42.852
396.57,230.91,42.854
391.34,230.91,42.856
389.59,230.91,42.857
389.59,230.91,42.859
391.34,230.91,42.861
391.34,230.15,42.862
391.34,230.91,42.865
391.34,230.15,42.867
389.59,230.15,42.868
391.34,230.91,42.87
391.34,230.91,42.872
387.85,230.91,42.873
391.34,230.15,42.875
387.85,230.91,42.877
389.59,230.91,42.878
391.34,230.15,42.88
391.34,230.91,42.882
386.11,230.15,42.883
384.36,230.91,42.885
391.34,230.15,42.886
393.08,230.91,42.888
396.57,230.91,42.89
389.59,230.15,42.891
389.59,230.15,42.893
393.08,230.91,42.895
386.11,230.91,42.896
389.59,230.91,42.898
391.34,230.91,42.9
389.59,230.15,42.901
389.59,230.15,42.903
391.34,230.15,42.905
384.36,230.91,42.907
389.59,230.91,42.909
389.59,230.91,42.911
389.59,230.15,42.912
391.34,230.91,42.914
391.34,230.15,42.916
393.08,230.91,42.917
391.34,230.91,42.919
387.85,230.15,42.921
391.34,230.15,42.922
391.34,230.91,42.924
391.34,230.91,42.926
394.83,230.91,42.927
393.08,230.91,42.929
391.34,230.91,42.931
391.34,230.15,42.932
389.59,230.91,42.934
391.34,230.15,42.936
389.59,230.91,42.937
394.83,230.91,42.939
389.59,230.15,42.941
389.59,230.91,42.942
389.59,230.91,42.944
391.34,230.91,42.946
391.34,230.91,42.947
391.34,230.91,42.95
391.34,230.91,42.952
389.59,230.91,42.953
391.34,230.91,42.955
400.06,230.15,42.957
387.85,230.91,42.958
389.59,230.91,42.96
391.34,230.91,42.962
391.34,230.91,42.963
389.59,230.91,42.965
389.59,230.91,42.967
391.34,230.91,42.968
391.34,230.91,42.97
391.34,230.91,42.971
387.85,230.91,42.973
387.85,230.91,42.975
389.59,230.91,42.976
387.85,230.91,42.978
387.85,230.91,42.98
389.59,230.91,42.981
389.59,230.91,42.983
387.85,230.91,42.985
387.85,230.91,42.986
389.59,230.91,42.988
387.85,230.91,42.99
382.62,230.91,42.992
389.59,230.91,42.994
387.85,230.91,42.996
389.59,230.91,42.997
387.85,230.91,42.999
389.59,230.91,43.001
391.34,230.91,43.002
391.34,230.91,43.004
391.34,230.91,43.006
394.83,230.91,43.007
386.11,227.85,43.009
384.36,227.85,43.011
382.62,227.08,43.012
386.11,227.08,43.014
384.36,227.85,43.016
382.62,227.08,43.017
386.11,228.62,43.019
387.85,230.15,43.021
389.59,229.38,43.022
387.85,229.38,43.024
393.08,230.15,43.026
387.85,228.62,43.027
380.87,228.62,43.029
384.36,228.62,43.031
389.59,227.85,43.032
386.11,227.85,43.035
384.36,227.85,43.037
386.11,227.85,43.038
386.11,228.62,43.04
386.11,228.62,43.042
386.11,229.38,43.043
387.85,229.38,43.045
386.11,229.38,43.047
387.85,228.62,43.048
386.11,228.62,43.05
384.36,228.62,43.052
384.36,227.85,43.053
386.11,227.85,43.055
384.36,228.62,43.057
382.62,227.85,43.058
382.62,228.62,43.06
386.11,228.62,43.061
382.62,229.38,43.063
386.11,229.38,43.065
387.85,229.38,43.066
386.11,228.62,43.068
387.85,228.62,43.07
386.11,228.62,43.071
386.11,228.62,43.073
382.62,227.85,43.075
384.36,228.62,43.076
387.85,228.62,43.079
384.36,228.62,43.081
382.62,228.62,43.082
386.11,228.62,43.084
386.11,228.62,43.086
387.85,228.62,43.087
389.59,228.62,43.089
386.11,228.62,43.091
384.36,228.62,43.092
384.36,228.62,43.094
384.36,228.62,43.096
384.36,228.62,43.097
386.11,228.62,43.099
386.11,228.62,43.101
386.11,228.62,43.102
386.11,228.62,43.104
386.11,228.62,43.106
386.11,229.38,43.107
386.11,228.62,43.109
382.62,228.62,43.111
386.11,228.62,43.112
384.36,228.62,43.114
384.36,228.62,43.116
386.11,228.62,43.117
386.11,228.62,43.12
387.85,228.62,43.122
386.11,228.62,43.123
386.11,228.62,43.125
386.11,228.62,43.127
389.59,228.62,43.128
386.11,228.62,43.13
387.85,229.38,43.132
387.85,228.62,43.133
386.11,229.38,43.135
386.11,228.62,43.137
386.11,228.62,43.138
394.83,228.62,43.14
384.36,228.62,43.142
386.11,228.62,43.143
386.11,229.38,43.145
386.11,228.62,43.146
382.62,229.38,43.148
393.08,228.62,43.15
386.11,229.38,43.151
386.11,228.62,43.153
386.11,228.62,43.155
386.11,228.62,43.156
386.11,228.62,43.158
387.85,229.38,43.16
387.85,228.62,43.161
387.85,228.62,43.164
386.11,228.62,43.166
386.11,228.62,43.167
387.85,228.62,43.169
387.85,228.62,43.171
386.11,228.62,43.172
384.36,229.38,43.174
386.11,228.62,43.176
386.11,228.62,43.177
382.62,228.62,43.179
386.11,228.62,43.181
384.36,228.62,43.182
386.11,228.62,43.184
389.59,228.62,43.186
386.11,228.62,43.187
386.11,228.62,43.189
386.11,228.62,43.191
387.85,228.62,43.192
393.08,228.62,43.194
391.34,228.62,43.196
387.85,228.62,43.197
391.34,228.62,43.199
386.11,228.62,43.201
387.85,229.38,43.202
386.11,228.62,43.204
387.85,229.38,43.207
386.11,228.62,43.208
380.87,229.38,43.21
387.85,228.62,43.212
387.85,228.62,43.213
387.85,228.62,43.215
387.85,228.62,43.217
384.36,229.38,43.218
386.11,228.62,43.22
387.85,228.62,43.222
386.11,228.62,43.223
387.85,229.38,43.225
387.85,228.62,43.227
387.85,228.62,43.228
380.87,227.85,43.23
386.11,228.62,43.232
387.85,228.62,43.233
387.85,229.38,43.235
387.85,229.38,43.236
386.11,228.62,43.238
386.11,228.62,43.24
387.85,228.62,43.241
386.11,229.38,43.243
386.11,228.62,43.245
386.11,229.38,43.246
387.85,228.62,43.249
387.85,228.62,43.251
387.85,229.38,43.252
386.11,229.38,43.254
386.11,228.62,43.256
389.59,228.62,43.257
386.11,228.62,43.259
387.85,228.62,43.261
386.11,229.38,43.262
386.11,228.62,43.264
387.85,228.62,43.266
389.59,229.38,43.267
387.85,229.38,43.269
387.85,228.62,43.271
387.85,229.38,43.272
386.11,228.62,43.274
386.11,228.62,43.276
387.85,228.62,43.277
386.11,229.38,43.279
387.85,228.62,43.281
389.59,228.62,43.282
387.85,229.38,43.284
387.85,228.62,43.286
393.08,228.62,43.287
387.85,228.62,43.289
387.85,229.38,43.292
387.85,228.62,43.293
387.85,229.38,43.295
387.85,228.62,43.297
386.11,229.38,43.298
387.85,228.62,43.3
387.85,229.38,43.302
387.85,228.62,43.303
391.34,228.62,43.305
387.85,229.38,43.307
386.11,229.38,43.308
386.11,229.38,43.31
387.85,229.38,43.312
387.85,228.62,43.313
387.85,229.38,43.315
387.85,229.38,43.317
387.85,229.38,43.318
386.11,228.62,43.32
387.85,228.62,43.321
387.85,229.38,43.323
387.85,228.62,43.325
387.85,229.38,43.326
391.34,229.38,43.328
387.85,229.38,43.33
396.57,229.38,43.331
387.85,228.62,43.334
387.85,229.38,43.336
389.59,229.38,43.337
386.11,229.38,43.339
387.85,228.62,43.341
384.36,228.62,43.342
386.11,228.62,43.344
387.85,228.62,43.346
386.11,229.38,43.347
382.62,229.38,43.349
386.11,229.38,43.351
380.87,229.38,43.352
387.85,228.62,43.354
387.85,228.62,43.356
387.85,229.38,43.357
387.85,229.38,43.359
386.11,228.62,43.361
386.11,229.38,43.362
387.85,229.38,43.364
387.85,229.38,43.366
384.36,229.38,43.367
387.85,229.38,43.369
387.85,228.62,43.371
386.11,229.38,43.372
386.11,229.38,43.374
386.11,229.38,43.377
387.85,229.38,43.378
386.11,228.62,43.38
387.85,229.38,43.382
386.11,229.38,43.383
386.11,229.38,43.385
387.85,228.62,43.387
386.11,229.38,43.388
386.11,228.62,43.39
386.11,229.38,43.392
384.36,229.38,43.393
387.85,229.38,43.395
387.85,228.62,43.397
387.85,229.38,43.398
393.08,229.38,43.4
382.62,229.38,43.402
387.85,229.38,43.403
387.85,229.38,43.405
386.11,229.38,43.406
386.11,228.62,43.408
384.36,229.38,43.41
389.59,229.38,43.411
393.08,228.62,43.413
387.85,229.38,43.415
386.11,229.38,43.416
386.11,228.62,43.419
386.11,229.38,43.421
387.85,228.62,43.422
387.85,229.38,43.424
391.34,229.38,43.426
386.11,229.38,43.427
387.85,229.38,43.429
389.59,229.38,43.431
387.85,229.38,43.432
387.85,229.38,43.434
389.59,229.38,43.436
386.11,229.38,43.437
386.11,229.38,43.439
387.85,229.38,43.441
387.85,228.62,43.442
387.85,229.38,43.444
387.85,229.38,43.446
387.85,229.38,43.447
387.85,229.38,43.449
387.85,229.38,43.451
384.36,229.38,43.452
387.85,229.38,43.454
384.36,229.38,43.456
386.11,229.38,43.457
380.87,229.38,43.459
387.85,228.62,43.462
387.85,228.62,43.463
389.59,229.38,43.465
387.85,229.38,43.467
387.85,229.38,43.468
387.85,229.38,43.47
386.11,229.38,43.472
384.36,228.62,43.473
384.36,228.62,43.475
384.36,229.38,43.477
384.36,229.38,43.478
379.13,229.38,43.48
384.36,228.62,43.482
386.11,229.38,43.483
386.11,229.38,43.485
386.11,229.38,43.487
386.11,229.38,43.488
384.36,229.38,43.49
386.11,229.38,43.492
389.59,229.38,43.493
386.11,229.38,43.495
384.36,229.38,43.496
384.36,229.38,43.498
386.11,229.38,43.5
389.59,229.38,43.501
387.85,229.38,43.504
387.85,228.62,43.506
387.85,228.62,43.507
382.62,226.32,43.509
379.13,227.08,43.511
380.87,225.55,43.512
380.87,226.32,43.514
382.62,226.32,43.516
380.87,226.32,43.517
384.36,227.08,43.519
384.36,228.62,43.521
382.62,227.85,43.522
386.11,228.62,43.524
386.11,228.62,43.526
384.36,227.85,43.527
375.64,227.85,43.529
382.62,226.32,43.531
380.87,226.32,43.532
384.36,227.08,43.534
384.36,226.32,43.536
380.87,227.08,43.537
382.62,227.85,43.539
382.62,227.85,43.541
386.11,227.85,43.542
386.11,227.85,43.544
384.36,227.85,43.547
384.36,227.85,43.548
384.36,227.85,43.55
382.62,227.08,43.552
382.62,227.08,43.553
384.36,227.08,43.555
380.87,226.32,43.557
379.13,227.08,43.558
382.62,227.08,43.56
384.36,227.85,43.562
384.36,227.85,43.563
382.62,227.85,43.565
384.36,227.85,43.567
384.36,227.85,43.568
384.36,227.08,43.57
384.36,227.08,43.572
384.36,227.08,43.573
384.36,227.08,43.575
380.87,227.08,43.577
382.62,227.08,43.578
382.62,227.08,43.58
382.62,227.85,43.581
384.36,227.85,43.583
384.36,227.85,43.585
384.36,228.62,43.586
380.87,227.85,43.588
377.38,227.85,43.591
384.36,227.85,43.592
382.62,227.85,43.594
387.85,227.08,43.596
389.59,227.08,43.597
382.62,227.08,43.599
379.13,227.85,43.601
382.62,227.85,43.602
384.36,227.85,43.604
384.36,227.85,43.606
384.36,227.08,43.607
384.36,227.85,43.609
389.59,227.85,43.611
384.36,227.85,43.612
377.38,227.85,43.614
382.62,227.08,43.616
382.62,227.85,43.617
380.87,227.08,43.619
382.62,227.85,43.621
382.62,227.08,43.622
382.62,227.08,43.624
380.87,227.85,43.626
384.36,227.85,43.627
384.36,227.85,43.629
384.36,227.85,43.632
384.36,227.85,43.633
384.36,227.85,43.635
379.13,227.85,43.637
382.62,227.85,43.638
391.34,227.08,43.64
382.62,227.08,43.642
386.11,227.85,43.643
384.36,227.85,43.645
382.62,227.85,43.647
384.36,227.85,43.648
386.11,227.85,43.65
387.85,227.85,43.652
382.62,227.85,43.653
382.62,227.85,43.655
384.36,227.85,43.657
382.62,227.85,43.658
384.36,227.85,43.66
384.36,227.85,43.662
384.36,227.85,43.663
384.36,227.85,43.665
384.36,227.85,43.667
382.62,227.85,43.668
384.36,227.85,43.67
384.36,227.85,43.671
391.34,227.08,43.673
380.87,227.85,43.676
377.38,227.08,43.677
384.36,227.85,43.679
384.36,227.85,43.681
384.36,227.08,43.682
386.11,227.85,43.684
382.62,227.08,43.686
389.59,227.08,43.687
384.36,227.85,43.689
384.36,227.85,43.691
382.62,227.85,43.692
386.11,227.85,43.694
384.36,227.85,43.696
386.11,227.85,43.697
382.62,227.85,43.699
382.62,227.85,43.701
384.36,227.08,43.702
384.36,227.08,43.704
384.36,227.85,43.706
382.62,227.08,43.707
382.62,227.85,43.709
384.36,227.85,43.711
384.36,227.85,43.712
384.36,227.85,43.714
384.36,227.85,43.716
377.38,227.85,43.718
384.36,227.85,43.72
382.62,227.85,43.722
384.36,227.85,43.723
384.36,227.85,43.725
384.36,227.85,43.727
384.36,227.85,43.728
380.87,227.85,43.73
384.36,227.85,43.732
384.36,227.08,43.733
380.87,227.08,43.735
384.36,227.85,43.737
384.36,227.85,43.738
382.62,227.85,43.74
382.62,227.85,43.742
384.36,227.85,43.743
384.36,227.85,43.745
382.62,227.08,43.747
384.36,227.85,43.748
384.36,227.85,43.75
384.36,227.85,43.752
384.36,227.85,43.753
386.11,227.85,43.755
384.36,227.85,43.756
384.36,227.85,43.758
382.62,227.85,43.761
384.36,227.85,43.762
384.36,227.85,43.764
387.85,227.85,43.766
384.36,227.85,43.767
380.87,227.85,43.769
384.36,227.85,43.771
384.36,227.85,43.772
382.62,227.85,43.774
384.36,227.85,43.776
380.87,227.08,43.777
380.87,227.85,43.779
389.59,227.85,43.781
380.87,227.85,43.782
379.13,227.85,43.784
386.11,227.85,43.786
384.36,227.85,43.787
384.36,227.85,43.789
380.87,227.85,43.791
384.36,227.85,43.792
384.36,227.85,43.794
384.36,227.85,43.796
382.62,227.85,43.797
382.62,227.85,43.799
384.36,227.85,43.801
382.62,227.85,43.803
386.11,227.85,43.805
384.36,227.85,43.807
384.36,227.85,43.808
386.11,227.85,43.81
384.36,227.85,43.812
386.11,227.85,43.813
384.36,227.85,43.815
380.87,227.85,43.817
386.11,227.85,43.818
384.36,227.85,43.82
386.11,227.85,43.822
384.36,227.85,43.823
384.36,227.85,43.825
393.08,227.85,43.827
386.11,227.85,43.828
384.36,227.85,43.83
384.36,227.85,43.832
380.87,227.85,43.833
386.11,227.85,43.835
384.36,227.85,43.837
384.36,227.85,43.838
391.34,227.85,43.84
380.87,227.85,43.841
379.13,227.85,43.843
384.36,227.85,43.846
384.36,227.85,43.847
391.34,227.85,43.849
386.11,227.85,43.851
384.36,227.85,43.852
387.85,227.85,43.854
384.36,227.85,43.856
384.36,227.85,43.857
384.36,227.85,43.859
380.87,227.85,43.861
384.36,227.85,43.862
380.87,227.85,43.864
384.36,227.08,43.866
380.87,227.85,43.867
384.36,227.85,43.869
382.62,227.85,43.871
379.13,227.85,43.872
391.34,227.85,43.874
384.36,227.85,43.876
379.13,227.85,43.877
382.62,227.85,43.879
384.36,227.85,43.881
384.36,227.85,43.882
384.36,227.85,43.884
384.36,227.85,43.886
384.36,227.85,43.888
384.36,227.85,43.89
379.13,227.85,43.892
384.36,227.85,43.893
384.36,227.85,43.895
384.36,227.85,43.897
379.13,227.08,43.898
384.36,227.85,43.9
384.36,227.85,43.902
384.36,227.85,43.903
379.13,227.85,43.905
386.11,227.85,43.907
384.36,227.85,43.908
382.62,227.85,43.91
377.38,227.85,43.912
386.11,227.85,43.913
384.36,227.85,43.915
386.11,227.85,43.917
393.08,227.85,43.918
384.36,227.85,43.92
382.62,227.85,43.922
387.85,227.85,43.923
384.36,227.85,43.925
384.36,227.85,43.927
379.13,227.85,43.928
384.36,227.85,43.931
384.36,227.85,43.932
384.36,227.85,43.934
384.36,227.08,43.936
384.36,227.85,43.937
380.87,227.85,43.939
384.36,227.85,43.941
386.11,227.85,43.942
382.62,227.85,43.944
384.36,227.85,43.946
382.62,227.85,43.947
384.36,227.85,43.949
384.36,227.85,43.951
384.36,227.85,43.952
382.62,227.85,43.954
384.36,227.85,43.956
384.36,227.85,43.957
382.62,227.85,43.959
380.87,227.85,43.961
384.36,227.85,43.962
380.87,227.85,43.964
382.62,227.85,43.966
384.36,227.85,43.967
391.34,227.85,43.969
386.11,227.85,43.971
386.11,227.85,43.972
380.87,227.85,43.975
382.62,227.85,43.977
382.62,227.85,43.978
384.36,227.85,43.98
382.62,227.85,43.982
380.87,227.85,43.983
380.87,227.85,43.985
382.62,227.85,43.987
377.38,227.85,43.988
382.62,227.85,43.99
382.62,227.85,43.992
380.87,227.85,43.993
382.62,227.85,43.995
382.62,227.85,43.997
382.62,227.85,43.998
382.62,227.85,44
386.11,227.85,44.002
384.36,227.85,44.003
386.11,227.85,44.005
384.36,227.85,44.007
380.87,224.79,44.008
377.38,225.55,44.01
370.41,224.02,44.012
379.13,224.79,44.013
365.17,225.55,44.016
373.9,224.79,44.017
379.13,226.32,44.019
382.62,227.08,44.021
382.62,227.08,44.022
382.62,227.08,44.024
389.59,227.08,44.026
382.62,226.32,44.027
382.62,226.32,44.029
380.87,225.55,44.031
373.9,225.55,44.032
386.11,225.55,44.034
379.13,225.55,44.036
382.62,225.55,44.037
377.38,226.32,44.039
379.13,226.32,44.041
382.62,226.32,44.042
382.62,227.08,44.044
382.62,227.08,44.046
382.62,226.32,44.047
382.62,226.32,44.049
380.87,226.32,44.051
377.38,225.55,44.052
379.13,224.79,44.054
380.87,225.55,44.056
379.13,226.32,44.057
379.13,225.55,44.06
380.87,226.32,44.062
380.87,226.32,44.063
379.13,226.32,44.065
382.62,226.32,44.067
382.62,226.32,44.068
380.87,226.32,44.07
380.87,225.55,44.072
380.87,225.55,44.073
379.13,226.32,44.075
380.87,226.32,44.077
380.87,226.32,44.078
387.85,226.32,44.08
380.87,226.32,44.082
380.87,226.32,44.083
382.62,226.32,44.085
380.87,226.32,44.087
382.62,226.32,44.088
380.87,226.32,44.09
384.36,226.32,44.092
380.87,225.55,44.093
380.87,226.32,44.095
380.87,226.32,44.097
380.87,226.32,44.098
382.62,226.32,44.1
380.87,226.32,44.103
375.64,226.32,44.104
380.87,226.32,44.106
380.87,226.32,44.107
380.87,226.32,44.109
380.87,226.32,44.111
379.13,226.32,44.112
382.62,226.32,44.114
379.13,226.32,44.116
380.87,226.32,44.117
379.13,225.55,44.119
380.87,226.32,44.121
379.13,226.32,44.122
380.87,225.55,44.124
380.87,226.32,44.126
380.87,226.32,44.127
380.87,226.32,44.129
380.87,226.32,44.131
382.62,226.32,44.132
380.87,226.32,44.134
382.62,226.32,44.136
379.13,226.32,44.137
380.87,226.32,44.139
380.87,226.32,44.141
380.87,226.32,44.142
379.13,226.32,44.145
380.87,226.32,44.147
372.15,226.32,44.148
382.62,226.32,44.15
380.87,226.32,44.152
380.87,226.32,44.153
380.87,226.32,44.155
382.62,226.32,44.157
380.87,226.32,44.158
377.38,226.32,44.16
379.13,226.32,44.162
380.87,226.32,44.163
380.87,226.32,44.165
380.87,226.32,44.167
386.11,226.32,44.168
380.87,226.32,44.17
377.38,226.32,44.172
380.87,226.32,44.173
382.62,226.32,44.175
379.13,226.32,44.177
379.13,226.32,44.178
382.62,226.32,44.18
391.34,226.32,44.182
379.13,226.32,44.183
379.13,226.32,44.185
380.87,226.32,44.188
382.62,226.32,44.189
380.87,226.32,44.191
380.87,226.32,44.192
379.13,226.32,44.194
380.87,226.32,44.196
380.87,226.32,44.197
380.87,226.32,44.199
379.13,226.32,44.201
380.87,226.32,44.202
380.87,226.32,44.204
380.87,226.32,44.206
379.13,226.32,44.207
380.87,226.32,44.209
382.62,226.32,44.211
387.85,226.32,44.212
380.87,226.32,44.214
380.87,226.32,44.216
379.13,226.32,44.217
379.13,226.32,44.219
380.87,226.32,44.221
380.87,226.32,44.222
375.64,226.32,44.224
380.87,226.32,44.226
380.87,226.32,44.227
380.87,226.32,44.23
380.87,226.32,44.232
379.13,226.32,44.233
380.87,226.32,44.235
380.87,226.32,44.237
380.87,226.32,44.238
380.87,226.32,44.24
380.87,226.32,44.242
379.13,226.32,44.243
380.87,226.32,44.245
380.87,226.32,44.247
380.87,226.32,44.248
380.87,226.32,44.25
380.87,226.32,44.252
387.85,226.32,44.253
377.38,226.32,44.255
382.62,227.08,44.257
377.38,226.32,44.258
380.87,226.32,44.26
380.87,226.32,44.262
379.13,226.32,44.263
382.62,226.32,44.265
380.87,226.32,44.267
380.87,226.32,44.268
380.87,226.32,44.27
380.87,226.32,44.273
384.36,226.32,44.274
384.36,226.32,44.276
373.9,226.32,44.277
380.87,226.32,44.279
380.87,226.32,44.281
382.62,226.32,44.282
382.62,226.32,44.284
380.87,226.32,44.286
380.87,226.32,44.287
382.62,226.32,44.289
380.87,226.32,44.291
380.87,226.32,44.292
380.87,226.32,44.294
382.62,226.32,44.296
382.62,226.32,44.297
379.13,226.32,44.299
380.87,226.32,44.301
380.87,226.32,44.302
380.87,226.32,44.304
380.87,226.32,44.306
380.87,227.08,44.307
382.62,226.32,44.309
380.87,226.32,44.311
382.62,226.32,44.312
380.87,226.32,44.315
377.38,226.32,44.317
380.87,226.32,44.318
380.87,226.32,44.32
379.13,226.32,44.322
380.87,226.32,44.323
379.13,227.08,44.325
380.87,226.32,44.327
380.87,226.32,44.328
384.36,226.32,44.33
382.62,226.32,44.332
379.13,226.32,44.333
380.87,226.32,44.335
380.87,226.32,44.337
382.62,226.32,44.338
380.87,226.32,44.34
373.9,227.08,44.342
373.9,226.32,44.343
377.38,226.32,44.345
387.85,226.32,44.347
387.85,226.32,44.348
382.62,226.32,44.35
380.87,226.32,44.352
380.87,227.08,44.353
380.87,226.32,44.355
380.87,226.32,44.358
380.87,226.32,44.359
382.62,226.32,44.361
382.62,226.32,44.363
382.62,226.32,44.364
380.87,226.32,44.366
382.62,226.32,44.367
382.62,226.32,44.369
386.11,226.32,44.371
382.62,226.32,44.372
380.87,226.32,44.374
380.87,226.32,44.376
382.62,226.32,44.377
380.87,226.32,44.379
380.87,226.32,44.381
380.87,226.32,44.382
382.62,226.32,44.384
379.13,226.32,44.386
380.87,226.32,44.387
382.62,226.32,44.389
382.62,226.32,44.391
380.87,226.32,44.392
382.62,226.32,44.394
382.62,226.32,44.396
382.62,226.32,44.397
380.87,226.32,44.4
382.62,226.32,44.402
379.13,226.32,44.403
382.62,226.32,44.405
386.11,226.32,44.407
387.85,227.08,44.408
380.87,226.32,44.41
382.62,226.32,44.412
382.62,226.32,44.413
386.11,226.32,44.415
382.62,226.32,44.417
382.62,226.32,44.418
380.87,226.32,44.42
382.62,226.32,44.422
380.87,226.32,44.423
379.13,226.32,44.425
380.87,226.32,44.427
382.62,226.32,44.428
380.87,226.32,44.43
382.62,226.32,44.432
380.87,226.32,44.433
380.87,226.32,44.435
382.62,226.32,44.437
380.87,226.32,44.438
380.87,227.08,44.44
379.13,226.32,44.443
382.62,226.32,44.444
382.62,226.32,44.446
380.87,226.32,44.448
380.87,226.32,44.449
377.38,227.08,44.451
382.62,226.32,44.452
380.87,226.32,44.454
382.62,226.32,44.456
382.62,226.32,44.457
380.87,226.32,44.459
382.62,227.08,44.461
380.87,226.32,44.462
380.87,227.08,44.464
382.62,226.32,44.466
382.62,226.32,44.467
382.62,226.32,44.469
382.62,227.08,44.471
375.64,226.32,44.472
380.87,226.32,44.474
379.13,226.32,44.476
377.38,226.32,44.477
380.87,227.08,44.479
379.13,227.08,44.481
379.13,226.32,44.482
379.13,226.32,44.484
379.13,226.32,44.487
380.87,226.32,44.488
380.87,226.32,44.49
380.87,226.32,44.492
380.87,226.32,44.493
380.87,226.32,44.495
379.13,226.32,44.497
379.13,226.32,44.498
379.13,226.32,44.5
379.13,227.08,44.502
377.38,226.32,44.503
380.87,227.08,44.505
382.62,226.32,44.507
380.87,223.26,44.508
384.36,224.79,44.51
375.64,223.26,44.512
375.64,224.02,44.513
375.64,224.79,44.515
375.64,223.26,44.517
373.9,225.55,44.518
379.13,226.32,44.52
380.87,224.79,44.522
380.87,225.55,44.523
368.66,226.32,44.525
379.13,225.55,44.528
379.13,224.79,44.529
373.9,224.79,44.531
377.38,224.02,44.533
373.9,224.79,44.534
370.41,224.02,44.536
377.38,224.79,44.538
377.38,224.79,44.539
372.15,225.55,44.541
384.36,225.55,44.542
379.13,225.55,44.544
379.13,225.55,44.546
377.38,225.55,44.547
377.38,224.79,44.549
377.38,224.79,44.551
377.38,224.79,44.552
377.38,224.02,44.554
375.64,224.79,44.556
379.13,224.79,44.557
377.38,224.79,44.559
379.13,225.55,44.561
377.38,224.79,44.562
379.13,225.55,44.564
377.38,225.55,44.566
380.87,225.55,44.567
379.13,224.79,44.569
379.13,225.55,44.572
377.38,224.79,44.573
377.38,224.79,44.575
377.38,224.79,44.577
373.9,224.79,44.578
375.64,224.79,44.58
375.64,224.79,44.582
377.38,224.79,44.583
379.13,225.55,44.585
379.13,225.55,44.587
377.38,225.55,44.588
379.13,225.55,44.59
377.38,224.79,44.592
377.38,224.79,44.593
377.38,224.79,44.595
379.13,224.79,44.597
377.38,224.79,44.598
377.38,224.79,44.6
377.38,224.79,44.602
377.38,225.55,44.603
380.87,224.79,44.605
375.64,225.55,44.607
377.38,225.55,44.608
377.38,224.79,44.61
377.38,224.79,44.612
377.38,224.79,44.614
377.38,224.79,44.616
375.64,224.79,44.618
377.38,225.55,44.619
377.38,224.02,44.621
377.38,225.55,44.623
372.15,225.55,44.624
379.13,225.55,44.626
380.87,225.55,44.627
380.87,225.55,44.629
379.13,225.55,44.631
379.13,225.55,44.632
377.38,224.79,44.634
379.13,224.79,44.636
379.13,224.79,44.637
384.36,224.79,44.639
377.38,224.79,44.641
377.38,224.79,44.642
379.13,225.55,44.644
377.38,225.55,44.646
377.38,224.79,44.647
379.13,225.55,44.649
382.62,224.79,44.651
377.38,224.79,44.652
379.13,225.55,44.654
379.13,225.55,44.657
380.87,225.55,44.658
377.38,225.55,44.66
377.38,225.55,44.662
377.38,225.55,44.663
377.38,225.55,44.665
384.36,224.79,44.667
377.38,225.55,44.668
375.64,225.55,44.67
375.64,225.55,44.672
375.64,224.79,44.673
372.15,225.55,44.675
377.38,225.55,44.677
379.13,224.79,44.678
377.38,225.55,44.68
379.13,224.79,44.682
373.9,225.55,44.683
379.13,225.55,44.685
379.13,225.55,44.687
379.13,225.55,44.688
379.13,224.79,44.69
379.13,225.55,44.692
377.38,224.79,44.693
379.13,224.79,44.695
379.13,225.55,44.697
379.13,225.55,44.699
377.38,225.55,44.701
377.38,225.55,44.703
377.38,225.55,44.704
379.13,224.79,44.706
380.87,225.55,44.708
382.62,225.55,44.709
379.13,224.79,44.711
377.38,224.79,44.712
375.64,224.79,44.714
379.13,224.79,44.716
379.13,224.79,44.717
379.13,225.55,44.719
377.38,225.55,44.721
377.38,224.79,44.722
379.13,225.55,44.724
387.85,224.79,44.726
377.38,225.55,44.727
379.13,225.55,44.729
379.13,225.55,44.731
379.13,224.79,44.732
377.38,225.55,44.734
379.13,225.55,44.736
379.13,225.55,44.737
379.13,224.79,44.739
377.38,224.79,44.742
377.38,225.55,44.743
382.62,225.55,44.745
379.13,224.79,44.747
380.87,225.55,44.748
379.13,225.55,44.75
379.13,225.55,44.752
377.38,225.55,44.753
379.13,225.55,44.755
379.13,225.55,44.757
379.13,225.55,44.758
377.38,224.79,44.76
379.13,224.79,44.762
377.38,224.79,44.763
379.13,225.55,44.765
379.13,224.79,44.767
379.13,225.55,44.768
379.13,225.55,44.77
379.13,225.55,44.772
379.13,225.55,44.773
379.13,225.55,44.775
373.9,225.55,44.777
379.13,225.55,44.778
377.38,225.55,44.78
375.64,225.55,44.782
379.13,225.55,44.784
379.13,225.55,44.786
377.38,225.55,44.788
377.38,225.55,44.789
377.38,224.79,44.791
377.38,225.55,44.793
377.38,225.55,44.794
379.13,225.55,44.796
379.13,224.79,44.798
379.13,224.79,44.799
377.38,225.55,44.801
379.13,225.55,44.802
377.38,225.55,44.804
379.13,224.79,44.806
379.13,225.55,44.807
380.87,225.55,44.809
379.13,225.55,44.811
379.13,224.79,44.812
379.13,225.55,44.814
379.13,225.55,44.816
379.13,225.55,44.817
377.38,224.79,44.819
380.87,225.55,44.821
379.13,225.55,44.822
377.38,225.55,44.824
377.38,225.55,44.827
379.13,224.79,44.828
379.13,224.79,44.83
379.13,225.55,44.832
379.13,225.55,44.833
377.38,225.55,44.835
379.13,225.55,44.837
379.13,225.55,44.838
380.87,225.55,44.84
377.38,225.55,44.842
380.87,225.55,44.843
379.13,225.55,44.845
382.62,224.79,44.847
379.13,225.55,44.848
379.13,225.55,44.85
379.13,224.79,44.852
380.87,225.55,44.853
379.13,225.55,44.855
380.87,225.55,44.857
373.9,225.55,44.858
380.87,224.79,44.86
379.13,225.55,44.862
375.64,225.55,44.863
379.13,225.55,44.865
379.13,225.55,44.867
379.13,225.55,44.868
379.13,224.79,44.871
379.13,225.55,44.873
379.13,225.55,44.874
379.13,224.79,44.876
379.13,225.55,44.878
379.13,225.55,44.879
380.87,225.55,44.881
380.87,224.79,44.883
370.41,225.55,44.884
379.13,225.55,44.886
379.13,225.55,44.887
379.13,225.55,44.889
379.13,225.55,44.891
380.87,225.55,44.892
379.13,225.55,44.894
382.62,225.55,44.896
380.87,225.55,44.897
379.13,224.79,44.899
377.38,225.55,44.901
379.13,225.55,44.902
379.13,225.55,44.904
379.13,225.55,44.906
379.13,225.55,44.907
386.11,225.55,44.909
384.36,225.55,44.912
379.13,225.55,44.913
379.13,225.55,44.915
379.13,225.55,44.917
379.13,225.55,44.918
379.13,225.55,44.92
377.38,225.55,44.922
379.13,225.55,44.923
379.13,225.55,44.925
379.13,225.55,44.927
380.87,225.55,44.928
379.13,225.55,44.93
380.87,224.79,44.932
387.85,225.55,44.933
380.87,225.55,44.935
382.62,225.55,44.937
379.13,224.79,44.938
379.13,225.55,44.94
377.38,225.55,44.942
377.38,225.55,44.943
380.87,225.55,44.945
379.13,225.55,44.947
382.62,225.55,44.948
380.87,225.55,44.95
379.13,225.55,44.952
375.64,225.55,44.953
377.38,225.55,44.956
391.34,225.55,44.958
380.87,225.55,44.959
379.13,225.55,44.961
384.36,225.55,44.963
379.13,225.55,44.964
377.38,225.55,44.966
379.13,225.55,44.968
375.64,224.79,44.969
380.87,225.55,44.971
377.38,225.55,44.973
377.38,225.55,44.974
377.38,224.79,44.976
377.38,225.55,44.977
377.38,225.55,44.979
379.13,225.55,44.981
375.64,225.55,44.982
377.38,225.55,44.984
377.38,225.55,44.986
375.64,225.55,44.987
377.38,225.55,44.989
375.64,225.55,44.991
377.38,225.55,44.992
379.13,225.55,44.994
375.64,225.55,44.996
377.38,225.55,44.998
375.64,225.55,45
380.87,225.55,45.002
375.64,225.55,45.003
379.13,225.55,45.005
379.13,225.55,45.007
382.62,222.49,45.008
373.9,224.02,45.01
373.9,222.49,45.012
373.9,222.49,45.013
373.9,223.26,45.015
373.9,222.49,45.017
375.64,224.79,45.018
377.38,225.55,45.02
377.38,224.02,45.022
377.38,224.79,45.023
377.38,224.79,45.025
377.38,224.02,45.027
375.64,224.02,45.028
373.9,223.26,45.03
373.9,223.26,45.032
373.9,223.26,45.033
372.15,223.26,45.035
373.9,223.26,45.037
380.87,223.26,45.038
377.38,224.02,45.041
373.9,224.02,45.043
377.38,224.79,45.044
377.38,224.79,45.046
377.38,224.79,45.048
375.64,224.02,45.049
375.64,223.26,45.051
375.64,224.02,45.053
375.64,224.02,45.054
370.41,224.02,45.056
375.64,223.26,45.058
373.9,224.02,45.059
373.9,224.02,45.061
375.64,224.02,45.062
377.38,224.02,45.064
375.64,224.02,45.066
377.38,224.02,45.067
375.64,224.02,45.069
375.64,224.02,45.071
372.15,223.26,45.072
375.64,223.26,45.074
375.64,224.02,45.076
375.64,224.02,45.077
375.64,223.26,45.079
377.38,224.02,45.081
373.9,224.02,45.083
377.38,224.79,45.085
375.64,224.02,45.087
375.64,224.02,45.088
380.87,224.02,45.09
377.38,224.02,45.092
377.38,224.02,45.093
377.38,224.02,45.095
373.9,224.02,45.097
377.38,224.02,45.098
370.41,224.02,45.1
373.9,224.02,45.102
375.64,224.02,45.103
375.64,224.02,45.105
372.15,224.02,45.107
377.38,224.02,45.108
370.41,224.02,45.11
375.64,224.02,45.112
375.64,224.02,45.113
373.9,224.02,45.115
379.13,224.02,45.117
375.64,224.02,45.118
375.64,224.02,45.12
375.64,224.02,45.122
377.38,224.02,45.123
377.38,224.02,45.126
375.64,224.02,45.128
375.64,224.02,45.129
384.36,224.02,45.131
377.38,224.79,45.133
377.38,224.02,45.134
375.64,224.02,45.136
380.87,224.02,45.138
375.64,224.02,45.139
373.9,224.02,45.141
375.64,224.02,45.143
375.64,224.02,45.144
373.9,224.79,45.146
375.64,224.02,45.147
375.64,224.02,45.149
377.38,224.02,45.151
379.13,224.02,45.152
377.38,224.02,45.154
375.64,224.02,45.156
377.38,223.26,45.157
377.38,224.02,45.159
375.64,224.02,45.161
377.38,224.02,45.162
377.38,224.02,45.164
375.64,224.79,45.166
375.64,224.02,45.168
375.64,224.02,45.17
377.38,224.02,45.172
375.64,224.02,45.173
377.38,224.02,45.175
375.64,224.02,45.177
373.9,224.02,45.178
373.9,224.02,45.18
375.64,224.02,45.182
375.64,224.02,45.183
373.9,224.02,45.185
375.64,224.02,45.187
375.64,224.02,45.188
375.64,224.02,45.19
375.64,224.79,45.192
373.9,224.02,45.193
375.64,224.02,45.195
375.64,224.02,45.197
379.13,224.02,45.198
375.64,224.02,45.2
375.64,224.02,45.202
377.38,224.02,45.203
375.64,224.02,45.205
375.64,224.02,45.207
372.15,224.02,45.208
377.38,224.02,45.211
375.64,224.79,45.213
377.38,224.02,45.214
380.87,224.02,45.216
375.64,224.02,45.218
375.64,224.02,45.219
375.64,224.02,45.221
375.64,224.02,45.223
377.38,224.02,45.224
372.15,224.79,45.226
373.9,224.02,45.228
375.64,224.02,45.229
375.64,224.02,45.231
373.9,224.02,45.233
373.9,224.02,45.234
375.64,224.02,45.236
377.38,224.02,45.237
375.64,224.79,45.239
375.64,224.02,45.241
373.9,224.02,45.242
373.9,224.02,45.244
375.64,224.02,45.246
377.38,224.02,45.247
375.64,224.79,45.249
375.64,224.02,45.251
377.38,224.02,45.252
377.38,224.02,45.255
379.13,224.02,45.257
377.38,224.02,45.258
373.9,224.02,45.26
375.64,224.02,45.262
375.64,224.02,45.263
370.41,224.02,45.265
375.64,224.02,45.267
379.13,224.02,45.268
373.9,224.02,45.27
377.38,224.02,45.272
379.13,224.02,45.273
377.38,224.02,45.275
375.64,224.02,45.277
377.38,224.02,45.278
375.64,224.02,45.28
377.38,224.02,45.282
375.64,224.02,45.283
375.64,224.02,45.285
377.38,224.02,45.287
372.15,224.02,45.288
379.13,224.02,45.29
375.64,224.02,45.292
377.38,224.02,45.293
375.64,224.02,45.296
372.15,224.02,45.298
375.64,224.02,45.299
375.64,224.02,45.301
380.87,224.79,45.303
377.38,224.02,45.304
375.64,224.79,45.306
375.64,224.02,45.308
375.64,224.02,45.309
375.64,224.02,45.311
375.64,224.02,45.313
375.64,224.02,45.314
375.64,224.02,45.316
377.38,224.02,45.318
375.64,224.02,45.319
375.64,224.02,45.321
375.64,224.79,45.322
377.38,224.79,45.324
373.9,224.79,45.326
377.38,224.02,45.327
375.64,224.79,45.329
377.38,224.79,45.331
384.36,224.02,45.332
379.13,224.02,45.334
377.38,224.02,45.336
377.38,224.02,45.337
377.38,224.79,45.34
380.87,224.02,45.342
375.64,224.02,45.343
375.64,224.02,45.345
380.87,224.02,45.347
372.15,224.02,45.348
375.64,224.02,45.35
375.64,224.79,45.352
375.64,224.02,45.353
373.9,224.02,45.355
375.64,224.02,45.357
377.38,224.02,45.358
377.38,224.02,45.36
375.64,224.02,45.362
377.38,224.02,45.363
373.9,224.02,45.365
377.38,224.02,45.367
373.9,224.02,45.368
377.38,224.02,45.37
377.38,224.02,45.372
377.38,224.02,45.373
377.38,224.02,45.375
377.38,224.79,45.377
377.38,224.79,45.378
379.13,224.79,45.38
375.64,224.02,45.383
386.11,224.02,45.384
375.64,224.02,45.386
372.15,224.02,45.388
377.38,224.02,45.389
377.38,224.02,45.391
375.64,224.02,45.393
379.13,224.02,45.394
375.64,224.79,45.396
377.38,224.79,45.398
375.64,224.02,45.399
377.38,224.02,45.401
377.38,224.02,45.403
386.11,224.02,45.404
377.38,224.02,45.406
375.64,224.79,45.408
377.38,224.02,45.409
379.13,224.02,45.411
377.38,224.79,45.412
375.64,224.02,45.414
377.38,224.02,45.416
377.38,224.02,45.417
377.38,224.02,45.419
377.38,224.02,45.421
377.38,224.02,45.422
377.38,224.02,45.425
377.38,224.02,45.427
372.15,224.02,45.428
377.38,224.02,45.43
377.38,224.02,45.432
386.11,224.02,45.433
379.13,224.02,45.435
377.38,224.02,45.437
377.38,224.02,45.438
375.64,224.02,45.44
377.38,224.02,45.442
377.38,224.02,45.443
377.38,224.79,45.445
377.38,224.02,45.447
377.38,224.02,45.448
377.38,224.02,45.45
379.13,224.02,45.452
379.13,224.02,45.453
377.38,224.79,45.455
377.38,224.79,45.457
377.38,224.02,45.458
372.15,224.79,45.46
377.38,224.79,45.462
377.38,224.02,45.463
377.38,224.79,45.465
377.38,224.02,45.468
377.38,224.79,45.469
379.13,224.02,45.471
373.9,224.02,45.473
379.13,224.02,45.474
373.9,224.79,45.476
375.64,224.02,45.478
373.9,224.02,45.479
372.15,224.79,45.481
377.38,224.79,45.483
379.13,224.02,45.484
375.64,224.02,45.486
373.9,224.02,45.488
377.38,224.02,45.489
384.36,224.79,45.491
375.64,224.02,45.493
375.64,224.79,45.494
375.64,224.02,45.496
380.87,224.79,45.497
375.64,224.02,45.499
373.9,224.02,45.501
377.38,224.79,45.502
377.38,224.79,45.504
379.13,224.02,45.506
372.15,221.73,45.507
368.66,219.43,45.51
361.68,217.13,45.512
359.94,216.37,45.513
358.2,217.9,45.515
361.68,217.13,45.517
361.68,217.9,45.518
366.92,220.2,45.52
366.92,220.2,45.522
370.41,220.96,45.523
368.66,221.73,45.525
370.41,220.96,45.527
354.71,220.2,45.528
365.17,219.43,45.53
370.41,217.9,45.532
368.66,217.9,45.533
363.43,218.66,45.535
361.68,218.66,45.537
363.43,218.66,45.538
370.41,219.43,45.54
366.92,220.2,45.542
368.66,220.2,45.543
366.92,220.2,45.545
368.66,220.2,45.547
368.66,220.2,45.548
366.92,219.43,45.55
365.17,218.66,45.553
372.15,218.66,45.554
363.43,217.9,45.556
365.17,218.66,45.558
363.43,219.43,45.559
370.41,219.43,45.561
366.92,219.43,45.563
366.92,220.2,45.564
368.66,220.2,45.566
366.92,220.2,45.568
366.92,219.43,45.569
366.92,219.43,45.571
361.68,219.43,45.573
365.17,218.66,45.574
363.43,219.43,45.576
365.17,218.66,45.578
361.68,218.66,45.579
366.92,219.43,45.581
366.92,219.43,45.582
365.17,219.43,45.584
365.17,220.2,45.586
366.92,220.2,45.587
359.94,220.2,45.589
366.92,219.43,45.591
368.66,219.43,45.592
366.92,219.43,45.595
366.92,219.43,45.597
366.92,219.43,45.598
365.17,219.43,45.6
359.94,219.43,45.602
366.92,219.43,45.603
363.43,220.2,45.605
366.92,219.43,45.607
366.92,219.43,45.608
366.92,219.43,45.61
366.92,220.2,45.612
366.92,219.43,45.613
366.92,219.43,45.615
363.43,219.43,45.617
365.17,219.43,45.618
366.92,219.43,45.62
363.43,219.43,45.622
366.92,219.43,45.623
366.92,219.43,45.625
366.92,220.2,45.627
366.92,219.43,45.628
366.92,219.43,45.63
370.41,219.43,45.632
366.92,220.2,45.633
366.92,219.43,45.635
365.17,219.43,45.638
365.17,219.43,45.639
365.17,219.43,45.641
370.41,219.43,45.643
366.92,219.43,45.644
365.17,219.43,45.646
365.17,220.2,45.648
366.92,220.2,45.649
368.66,219.43,45.651
366.92,220.2,45.653
368.66,220.2,45.654
365.17,219.43,45.656
368.66,220.2,45.658
365.17,219.43,45.659
366.92,220.2,45.661
359.94,219.43,45.663
366.92,219.43,45.664
365.17,219.43,45.666
365.17,219.43,45.668
366.92,219.43,45.669
368.66,220.2,45.671
365.17,220.2,45.672
365.17,219.43,45.674
373.9,220.2,45.676
368.66,220.2,45.677
366.92,219.43,45.68
365.17,220.2,45.682
366.92,219.43,45.683
373.9,219.43,45.685
366.92,220.2,45.687
365.17,219.43,45.688
366.92,219.43,45.69
366.92,219.43,45.692
365.17,219.43,45.693
365.17,219.43,45.695
366.92,219.43,45.697
366.92,219.43,45.698
366.92,219.43,45.7
365.17,220.2,45.702
366.92,220.2,45.703
368.66,219.43,45.705
365.17,219.43,45.707
366.92,219.43,45.708
366.92,219.43,45.71
366.92,219.43,45.712
366.92,219.43,45.713
366.92,219.43,45.715
366.92,219.43,45.717
366.92,220.2,45.718
366.92,219.43,45.72
366.92,219.43,45.723
366.92,219.43,45.724
366.92,219.43,45.726
366.92,219.43,45.728
366.92,219.43,45.729
365.17,219.43,45.731
370.41,220.2,45.733
366.92,220.2,45.734
368.66,219.43,45.736
366.92,220.2,45.738
366.92,220.2,45.739
366.92,219.43,45.741
365.17,220.2,45.743
366.92,220.2,45.744
365.17,219.43,45.746
366.92,220.2,45.748
368.66,220.2,45.749
366.92,219.43,45.751
366.92,220.2,45.753
368.66,219.43,45.754
366.92,220.2,45.756
366.92,220.2,45.757
370.41,219.43,45.759
368.66,220.2,45.761
365.17,219.43,45.762
366.92,220.2,45.764
366.92,220.2,45.767
368.66,219.43,45.768
366.92,220.2,45.77
366.92,220.2,45.772
366.92,220.2,45.773
366.92,220.2,45.775
366.92,220.2,45.777
366.92,219.43,45.778
366.92,220.2,45.78
366.92,219.43,45.782
375.64,220.2,45.783
366.92,219.43,45.785
365.17,220.2,45.787
366.92,220.2,45.788
366.92,220.2,45.79
366.92,220.2,45.792
359.94,220.2,45.793
368.66,220.2,45.795
365.17,220.2,45.797
368.66,220.2,45.798
366.92,219.43,45.8
366.92,219.43,45.802
366.92,219.43,45.803
366.92,220.2,45.805
366.92,219.43,45.808
366.92,220.2,45.809
366.92,220.2,45.811
368.66,220.2,45.813
368.66,219.43,45.814
366.92,220.2,45.816
365.17,220.2,45.818
370.41,220.2,45.819
366.92,220.2,45.821
368.66,220.2,45.823
366.92,220.2,45.824
366.92,220.2,45.826
366.92,220.2,45.828
368.66,220.2,45.829
370.41,220.2,45.831
366.92,220.2,45.833
366.92,220.2,45.834
366.92,220.2,45.836
366.92,220.2,45.838
373.9,220.2,45.839
365.17,220.2,45.841
366.92,219.43,45.843
370.41,220.2,45.844
366.92,220.2,45.846
366.92,220.2,45.847
366.92,219.43,45.849
366.92,220.2,45.852
366.92,220.2,45.853
368.66,219.43,45.855
361.68,220.2,45.857
366.92,220.2,45.858
366.92,220.2,45.86
365.17,219.43,45.862
368.66,220.2,45.863
365.17,220.2,45.865
365.17,219.43,45.867
366.92,220.2,45.868
373.9,220.2,45.87
366.92,220.2,45.872
365.17,220.2,45.873
366.92,220.2,45.875
358.2,220.2,45.877
366.92,220.2,45.878
368.66,219.43,45.88
366.92,220.2,45.882
366.92,220.2,45.883
368.66,220.2,45.885
366.92,220.2,45.887
366.92,220.2,45.888
365.17,220.2,45.89
363.43,220.2,45.892
368.66,220.2,45.894
366.92,220.2,45.896
366.92,220.2,45.898
366.92,219.43,45.899
366.92,220.2,45.901
368.66,220.2,45.903
366.92,220.2,45.904
368.66,220.2,45.906
365.17,220.2,45.908
372.15,220.2,45.909
366.92,220.2,45.911
366.92,220.2,45.913
366.92,220.2,45.914
366.92,220.2,45.916
366.92,220.2,45.918
368.66,219.43,45.919
370.41,220.2,45.921
368.66,220.2,45.923
366.92,220.2,45.924
366.92,220.2,45.926
366.92,220.2,45.928
366.92,220.2,45.929
366.92,220.2,45.931
366.92,220.2,45.932
366.92,220.2,45.934
368.66,220.2,45.937
366.92,220.2,45.938
372.15,220.2,45.94
366.92,220.2,45.942
368.66,220.2,45.943
361.68,220.2,45.945
370.41,219.43,45.947
366.92,219.43,45.948
366.92,220.2,45.95
368.66,219.43,45.952
366.92,219.43,45.953
366.92,220.2,45.955
366.92,220.2,45.957
366.92,220.2,45.958
366.92,220.2,45.96
366.92,220.2,45.962
366.92,220.2,45.963
366.92,219.43,45.965
366.92,220.2,45.967
366.92,219.43,45.968
366.92,220.2,45.97
368.66,220.2,45.972
365.17,220.2,45.973
365.17,220.2,45.975
365.17,220.2,45.977
363.43,220.2,45.979
365.17,220.2,45.981
365.17,220.2,45.983
365.17,219.43,45.984
365.17,219.43,45.986
366.92,220.2,45.988
358.2,220.2,45.989
366.92,220.2,45.991
365.17,220.2,45.993
365.17,220.2,45.994
365.17,220.2,45.996
365.17,220.2,45.998
365.17,220.2,45.999
365.17,220.2,46.001
368.66,219.43,46.003
368.66,220.2,46.004
366.92,220.2,46.006
365.17,219.43,46.008
366.92,217.9,46.009
365.17,219.43,46.011
363.43,217.9,46.013
363.43,218.66,46.014
365.17,219.43,46.016
365.17,218.66,46.017
366.92,219.43,46.019
363.43,220.2,46.022
365.17,218.66,46.023
366.92,220.2,46.025
366.92,220.2,46.027
365.17,219.43,46.028
366.92,219.43,46.03
365.17,219.43,46.032
363.43,218.66,46.033
366.92,218.66,46.035
365.17,218.66,46.037
363.43,219.43,46.038
365.17,219.43,46.04
363.43,219.43,46.042
366.92,219.43,46.043
372.15,219.43,46.045
366.92,219.43,46.047
365.17,219.43,46.048
366.92,219.43,46.05
365.17,219.43,46.052
365.17,218.66,46.053
363.43,218.66,46.055
365.17,218.66,46.057
366.92,219.43,46.058
361.68,219.43,46.06
373.9,219.43,46.062
366.92,219.43,46.064
365.17,219.43,46.066
366.92,219.43,46.068
366.92,219.43,46.069
366.92,218.66,46.071
365.17,219.43,46.073
365.17,219.43,46.074
368.66,219.43,46.076
366.92,219.43,46.078
363.43,219.43,46.079
365.17,219.43,46.081
365.17,219.43,46.083
365.17,219.43,46.084
366.92,219.43,46.086
365.17,219.43,46.088
365.17,219.43,46.089
366.92,219.43,46.091
366.92,219.43,46.093
366.92,219.43,46.094
363.43,218.66,46.096
366.92,219.43,46.098
365.17,219.43,46.099
365.17,219.43,46.101
363.43,219.43,46.103
365.17,219.43,46.104
372.15,219.43,46.107
372.15,219.43,46.108
366.92,219.43,46.11
366.92,219.43,46.112
365.17,219.43,46.113
365.17,219.43,46.115
359.94,218.66,46.117
365.17,219.43,46.118
358.2,219.43,46.12
365.17,219.43,46.122
365.17,218.66,46.123
366.92,219.43,46.125
365.17,219.43,46.127
366.92,219.43,46.128
366.92,219.43,46.13
365.17,219.43,46.132
361.68,219.43,46.133
372.15,219.43,46.135
365.17,219.43,46.137
366.92,219.43,46.138
365.17,219.43,46.14
365.17,219.43,46.142
365.17,219.43,46.143
365.17,219.43,46.145
365.17,219.43,46.147
365.17,219.43,46.148
366.92,219.43,46.151
365.17,219.43,46.153
363.43,219.43,46.154
366.92,219.43,46.156
365.17,219.43,46.158
366.92,219.43,46.159
363.43,219.43,46.161
365.17,219.43,46.163
363.43,219.43,46.164
366.92,219.43,46.166
370.41,219.43,46.168
365.17,219.43,46.169
370.41,219.43,46.171
366.92,219.43,46.173
366.92,219.43,46.174
365.17,219.43,46.176
372.15,219.43,46.178
366.92,219.43,46.179
365.17,219.43,46.181
365.17,219.43,46.183
372.15,219.43,46.184
365.17,219.43,46.186
366.92,219.43,46.188
359.94,219.43,46.189
365.17,219.43,46.192
366.92,219.43,46.193
373.9,219.43,46.195
365.17,219.43,46.197
366.92,219.43,46.198
366.92,219.43,46.2
365.17,219.43,46.202
372.15,220.2,46.203
365.17,219.43,46.205
365.17,219.43,46.207
365.17,219.43,46.208
366.92,219.43,46.21
359.94,219.43,46.212
366.92,219.43,46.213
365.17,219.43,46.215
366.92,219.43,46.217
368.66,219.43,46.218
365.17,219.43,46.22
365.17,219.43,46.222
365.17,219.43,46.223
363.43,219.43,46.225
370.41,219.43,46.227
359.94,219.43,46.228
366.92,219.43,46.23
365.17,219.43,46.232
365.17,219.43,46.233
366.92,219.43,46.236
366.92,219.43,46.238
366.92,219.43,46.239
359.94,218.66,46.241
359.94,219.43,46.243
365.17,219.43,46.244
366.92,219.43,46.246
366.92,219.43,46.248
366.92,219.43,46.249
361.68,219.43,46.251
366.92,219.43,46.253
365.17,219.43,46.254
365.17,219.43,46.256
366.92,219.43,46.258
366.92,219.43,46.259
366.92,219.43,46.261
365.17,219.43,46.263
365.17,219.43,46.264
366.92,219.43,46.266
366.92,219.43,46.268
363.43,219.43,46.269
368.66,219.43,46.271
370.41,219.43,46.273
366.92,219.43,46.274
365.17,219.43,46.276
366.92,219.43,46.279
366.92,219.43,46.28
365.17,220.2,46.282
365.17,219.43,46.283
366.92,219.43,46.285
366.92,219.43,46.287
366.92,219.43,46.288
365.17,219.43,46.29
365.17,219.43,46.292
366.92,219.43,46.293
365.17,219.43,46.295
366.92,220.2,46.297
366.92,219.43,46.298
363.43,219.43,46.3
361.68,219.43,46.302
365.17,219.43,46.303
365.17,219.43,46.305
365.17,219.43,46.307
365.17,219.43,46.308
366.92,219.43,46.31
365.17,219.43,46.312
365.17,219.43,46.313
365.17,219.43,46.315
363.43,219.43,46.317
368.66,219.43,46.318
363.43,219.43,46.321
365.17,219.43,46.323
370.41,219.43,46.324
365.17,219.43,46.326
366.92,219.43,46.328
365.17,219.43,46.329
366.92,219.43,46.331
366.92,219.43,46.333
366.92,219.43,46.334
366.92,219.43,46.336
365.17,219.43,46.338
358.2,219.43,46.339
365.17,219.43,46.341
365.17,219.43,46.343
373.9,219.43,46.344
368.66,219.43,46.346
366.92,219.43,46.348
368.66,219.43,46.349
365.17,219.43,46.351
366.92,219.43,46.353
365.17,219.43,46.354
365.17,219.43,46.356
366.92,219.43,46.358
366.92,220.2,46.359
366.92,219.43,46.361
368.66,219.43,46.364
365.17,219.43,46.365
366.92,219.43,46.367
366.92,219.43,46.368
365.17,219.43,46.37
366.92,219.43,46.372
366.92,219.43,46.373
366.92,219.43,46.375
366.92,219.43,46.377
365.17,219.43,46.378
365.17,220.2,46.38
365.17,219.43,46.382
366.92,219.43,46.383
366.92,219.43,46.385
365.17,219.43,46.387
365.17,219.43,46.388
365.17,219.43,46.39
366.92,219.43,46.392
366.92,219.43,46.393
365.17,219.43,46.395
366.92,220.2,46.397
361.68,219.43,46.398
365.17,219.43,46.4
366.92,219.43,46.402
365.17,219.43,46.403
365.17,219.43,46.406
372.15,219.43,46.408
365.17,219.43,46.409
366.92,219.43,46.411
365.17,219.43,46.413
366.92,219.43,46.414
366.92,220.2,46.416
366.92,219.43,46.418
358.2,220.2,46.419
365.17,219.43,46.421
363.43,220.2,46.423
365.17,219.43,46.424
366.92,219.43,46.426
366.92,219.43,46.428
365.17,219.43,46.429
366.92,219.43,46.431
365.17,219.43,46.433
366.92,219.43,46.434
372.15,220.2,46.436
366.92,219.43,46.438
366.92,219.43,46.439
366.92,219.43,46.441
366.92,219.43,46.443
365.17,220.2,46.444
370.41,219.43,46.446
366.92,220.2,46.449
365.17,219.43,46.45
366.92,219.43,46.452
366.92,219.43,46.453
370.41,220.2,46.455
366.92,219.43,46.457
365.17,220.2,46.458
365.17,219.43,46.46
365.17,219.43,46.462
366.92,220.2,46.463
366.92,219.43,46.465
366.92,219.43,46.467
366.92,219.43,46.468
365.17,219.43,46.47
366.92,219.43,46.472
365.17,219.43,46.473
365.17,219.43,46.475
365.17,219.43,46.477
365.17,220.2,46.478
363.43,219.43,46.48
363.43,219.43,46.482
363.43,219.43,46.483
363.43,219.43,46.485
365.17,219.43,46.487
365.17,219.43,46.488
363.43,220.2,46.491
365.17,219.43,46.493
365.17,219.43,46.494
365.17,219.43,46.496
365.17,219.43,46.498
365.17,220.2,46.499
365.17,219.43,46.501
363.43,219.43,46.503
366.92,219.43,46.504
366.92,219.43,46.506
368.66,219.43,46.508
363.43,217.9,46.509
363.43,218.66,46.511
358.2,217.9,46.513
363.43,217.9,46.514
365.17,218.66,46.516
359.94,217.9,46.518
363.43,219.43,46.519
365.17,219.43,46.521
366.92,219.43,46.523
365.17,219.43,46.524
375.64,219.43,46.526
366.92,218.66,46.528
363.43,218.66,46.529
363.43,218.66,46.531
363.43,218.66,46.534
363.43,218.66,46.535
365.17,218.66,46.537
363.43,218.66,46.539
365.17,219.43,46.54
363.43,219.43,46.542
356.45,219.43,46.543
365.17,219.43,46.545
368.66,219.43,46.547
366.92,219.43,46.548
370.41,219.43,46.55
361.68,218.66,46.552
358.2,218.66,46.553
365.17,218.66,46.555
368.66,218.66,46.557
365.17,218.66,46.558
365.17,218.66,46.56
365.17,218.66,46.562
365.17,219.43,46.563
363.43,219.43,46.565
363.43,218.66,46.567
365.17,219.43,46.568
365.17,219.43,46.57
365.17,218.66,46.572
372.15,218.66,46.573
363.43,218.66,46.576
363.43,218.66,46.578
365.17,218.66,46.579
365.17,218.66,46.581
365.17,218.66,46.583
361.68,218.66,46.584
366.92,219.43,46.586
365.17,219.43,46.588
365.17,218.66,46.589
363.43,218.66,46.591
365.17,219.43,46.593
372.15,218.66,46.594
363.43,219.43,46.596
363.43,218.66,46.598
359.94,219.43,46.599
361.68,218.66,46.601
365.17,218.66,46.603
365.17,219.43,46.604
366.92,219.43,46.606
368.66,218.66,46.608
365.17,219.43,46.609
365.17,219.43,46.611
365.17,219.43,46.613
365.17,218.66,46.614
365.17,218.66,46.616
365.17,218.66,46.619
365.17,218.66,46.62
365.17,218.66,46.622
363.43,219.43,46.624
363.43,219.43,46.625
366.92,218.66,46.627
365.17,218.66,46.628
366.92,219.43,46.63
365.17,218.66,46.632
365.17,218.66,46.633
365.17,218.66,46.635
363.43,219.43,46.637
366.92,218.66,46.638
365.17,218.66,46.64
370.41,218.66,46.642
366.92,218.66,46.643
365.17,219.43,46.645
366.92,219.43,46.647
365.17,218.66,46.648
361.68,219.43,46.65
365.17,218.66,46.652
365.17,219.43,46.653
366.92,219.43,46.655
366.92,218.66,46.657
366.92,218.66,46.658
361.68,219.43,46.66
365.17,218.66,46.663
363.43,219.43,46.664
359.94,218.66,46.666
365.17,219.43,46.668
365.17,219.43,46.669
365.17,218.66,46.671
363.43,219.43,46.673
359.94,218.66,46.674
359.94,218.66,46.676
363.43,218.66,46.678
363.43,218.66,46.679
365.17,218.66,46.681
365.17,219.43,46.683
365.17,218.66,46.684
366.92,219.43,46.686
363.43,218.66,46.688
359.94,219.43,46.689
363.43,219.43,46.691
366.92,219.43,46.693
366.92,219.43,46.694
366.92,218.66,46.696
365.17,219.43,46.698
365.17,218.66,46.699
365.17,219.43,46.701
366.92,219.43,46.704
363.43,218.66,46.705
363.43,218.66,46.707
365.17,219.43,46.709
366.92,218.66,46.71
372.15,219.43,46.712
366.92,218.66,46.714
365.17,219.43,46.715
365.17,218.66,46.717
359.94,218.66,46.718
365.17,219.43,46.72
365.17,218.66,46.722
365.17,218.66,46.723
366.92,219.43,46.725
366.92,219.43,46.727
365.17,218.66,46.728
363.43,218.66,46.73
365.17,218.66,46.732
365.17,219.43,46.733
366.92,218.66,46.735
361.68,219.43,46.737
365.17,219.43,46.738
363.43,219.43,46.74
363.43,219.43,46.742
365.17,218.66,46.743
365.17,219.43,46.745
359.94,219.43,46.748
365.17,219.43,46.749
365.17,219.43,46.751
365.17,219.43,46.753
365.17,218.66,46.754
365.17,219.43,46.756
365.17,218.66,46.758
365.17,219.43,46.759
365.17,218.66,46.761
365.17,218.66,46.763
363.43,219.43,46.764
368.66,218.66,46.766
365.17,219.43,46.768
365.17,219.43,46.769
365.17,219.43,46.771
365.17,218.66,46.773
358.2,218.66,46.774
365.17,219.43,46.776
363.43,218.66,46.778
365.17,219.43,46.779
370.41,219.43,46.781
366.92,218.66,46.783
365.17,219.43,46.784
365.17,218.66,46.786
365.17,218.66,46.788
363.43,218.66,46.79
365.17,219.43,46.792
365.17,219.43,46.794
365.17,219.43,46.795
363.43,219.43,46.797
365.17,219.43,46.799
363.43,219.43,46.8
365.17,218.66,46.802
365.17,219.43,46.803
365.17,219.43,46.805
365.17,218.66,46.807
370.41,219.43,46.808
365.17,219.43,46.81
370.41,219.43,46.812
366.92,219.43,46.813
366.92,219.43,46.815
365.17,219.43,46.817
365.17,218.66,46.818
365.17,219.43,46.82
363.43,219.43,46.822
365.17,219.43,46.823
366.92,219.43,46.825
363.43,219.43,46.827
370.41,219.43,46.828
363.43,219.43,46.83
363.43,219.43,46.833
366.92,219.43,46.834
365.17,219.43,46.836
366.92,218.66,46.838
365.17,219.43,46.839
365.17,219.43,46.841
365.17,219.43,46.843
365.17,218.66,46.844
363.43,218.66,46.846
361.68,218.66,46.848
366.92,218.66,46.849
365.17,219.43,46.851
365.17,218.66,46.853
365.17,219.43,46.854
366.92,219.43,46.856
365.17,218.66,46.858
366.92,219.43,46.859
359.94,219.43,46.861
365.17,219.43,46.863
365.17,219.43,46.864
365.17,219.43,46.866
365.17,219.43,46.868
370.41,218.66,46.869
365.17,218.66,46.871
372.15,219.43,46.873
365.17,219.43,46.875
365.17,219.43,46.877
363.43,219.43,46.879
358.2,219.43,46.88
365.17,218.66,46.882
365.17,219.43,46.884
365.17,219.43,46.885
365.17,218.66,46.887
365.17,219.43,46.888
365.17,219.43,46.89
365.17,219.43,46.892
366.92,219.43,46.893
366.92,219.43,46.895
363.43,219.43,46.897
361.68,218.66,46.898
365.17,219.43,46.9
365.17,219.43,46.902
365.17,218.66,46.903
359.94,219.43,46.905
365.17,219.43,46.907
365.17,219.43,46.908
365.17,219.43,46.91
365.17,219.43,46.912
366.92,219.43,46.913
365.17,219.43,46.915
372.15,218.66,46.918
365.17,219.43,46.919
366.92,219.43,46.921
365.17,219.43,46.923
368.66,218.66,46.924
366.92,218.66,46.926
368.66,219.43,46.928
368.66,218.66,46.929
363.43,219.43,46.931
363.43,219.43,46.933
373.9,219.43,46.934
363.43,219.43,46.936
366.92,219.43,46.938
366.92,219.43,46.939
365.17,219.43,46.941
365.17,219.43,46.943
365.17,218.66,46.944
365.17,219.43,46.946
365.17,219.43,46.948
365.17,219.43,46.949
361.68,219.43,46.951
365.17,219.43,46.953
366.92,219.43,46.954
365.17,219.43,46.956
366.92,219.43,46.958
365.17,219.43,46.96
366.92,219.43,46.962
365.17,219.43,46.964
365.17,219.43,46.965
365.17,219.43,46.967
366.92,218.66,46.969
365.17,219.43,46.97
370.41,218.66,46.972
363.43,219.43,46.974
361.68,219.43,46.975
363.43,218.66,46.977
363.43,219.43,46.978
365.17,219.43,46.98
363.43,218.66,46.982
363.43,219.43,46.983
361.68,219.43,46.985
361.68,219.43,46.987
363.43,218.66,46.988
368.66,219.43,46.99
363.43,219.43,46.992
361.68,219.43,46.993
361.68,219.43,46.995
365.17,218.66,46.997
365.17,219.43,46.998
361.68,218.66,47
365.17,219.43,47.003
366.92,219.43,47.004
365.17,218.66,47.006
365.17,219.43,47.008
363.43,217.9,47.009
361.68,218.66,47.011
363.43,217.13,47.013
365.17,217.9,47.014
361.68,217.9,47.016
361.68,217.13,47.018
366.92,218.66,47.019
366.92,219.43,47.021
368.66,218.66,47.023
368.66,219.43,47.024
363.43,219.43,47.026
365.17,218.66,47.028
354.71,218.66,47.029
363.43,218.66,47.031
363.43,217.9,47.033
368.66,217.9,47.034
363.43,217.9,47.036
363.43,218.66,47.038
365.17,218.66,47.039
363.43,218.66,47.041
365.17,218.66,47.043
365.17,218.66,47.044
365.17,218.66,47.047
363.43,218.66,47.049
363.43,218.66,47.05
363.43,217.9,47.052
365.17,217.9,47.054
363.43,218.66,47.055
356.45,217.9,47.057
363.43,217.9,47.059
365.17,218.66,47.06
365.17,218.66,47.062
365.17,218.66,47.063
361.68,218.66,47.065
363.43,218.66,47.067
363.43,218.66,47.068
366.92,218.66,47.07
363.43,218.66,47.072
363.43,217.9,47.073
363.43,217.9,47.075
359.94,218.66,47.077
363.43,218.66,47.078
361.68,218.66,47.08
363.43,218.66,47.082
363.43,218.66,47.083
363.43,219.43,47.085
363.43,218.66,47.088
363.43,218.66,47.089
363.43,218.66,47.091
363.43,218.66,47.093
363.43,218.66,47.094
363.43,218.66,47.096
363.43,218.66,47.098
365.17,218.66,47.099
363.43,218.66,47.101
363.43,218.66,47.103
358.2,218.66,47.104
363.43,217.9,47.106
368.66,218.66,47.108
363.43,218.66,47.109
365.17,218.66,47.111
363.43,218.66,47.113
363.43,218.66,47.114
363.43,218.66,47.116
363.43,217.9,47.118
363.43,218.66,47.119
363.43,218.66,47.121
363.43,218.66,47.123
361.68,218.66,47.124
363.43,218.66,47.126
370.41,217.9,47.128
363.43,218.66,47.129
361.68,218.66,47.132
366.92,218.66,47.134
370.41,218.66,47.135
365.17,218.66,47.137
363.43,218.66,47.139
366.92,218.66,47.14
363.43,218.66,47.142
361.68,218.66,47.144
363.43,218.66,47.145
363.43,218.66,47.147
365.17,218.66,47.149
363.43,218.66,47.15
363.43,218.66,47.152
365.17,218.66,47.153
363.43,217.9,47.155
365.17,218.66,47.157
359.94,218.66,47.158
358.2,217.9,47.16
365.17,218.66,47.162
368.66,218.66,47.163
365.17,218.66,47.165
365.17,218.66,47.167
359.94,218.66,47.168
361.68,218.66,47.17
363.43,218.66,47.172
368.66,218.66,47.174
363.43,218.66,47.176
365.17,218.66,47.178
363.43,218.66,47.179
363.43,218.66,47.181
365.17,218.66,47.183
365.17,218.66,47.184
363.43,218.66,47.186
365.17,218.66,47.188
359.94,218.66,47.189
365.17,218.66,47.191
365.17,218.66,47.193
365.17,218.66,47.194
363.43,217.9,47.196
363.43,218.66,47.198
365.17,218.66,47.199
363.43,218.66,47.201
365.17,218.66,47.203
363.43,218.66,47.204
365.17,218.66,47.206
359.94,218.66,47.208
363.43,218.66,47.209
361.68,218.66,47.211
365.17,218.66,47.213
363.43,218.66,47.214
365.17,218.66,47.217
365.17,218.66,47.219
370.41,218.66,47.22
365.17,218.66,47.222
365.17,218.66,47.224
365.17,218.66,47.225
363.43,218.66,47.227
363.43,218.66,47.229
363.43,218.66,47.23
363.43,218.66,47.232
363.43,218.66,47.234
365.17,218.66,47.235
363.43,218.66,47.237
365.17,218.66,47.238
365.17,218.66,47.24
359.94,218.66,47.242
363.43,218.66,47.243
363.43,218.66,47.245
370.41,218.66,47.247
363.43,218.66,47.248
365.17,217.9,47.25
358.2,218.66,47.252
365.17,218.66,47.253
365.17,218.66,47.255
365.17,218.66,47.257
363.43,218.66,47.259
365.17,218.66,47.261
365.17,218.66,47.263
361.68,218.66,47.264
359.94,218.66,47.266
363.43,218.66,47.268
373.9,218.66,47.269
365.17,218.66,47.271
363.43,218.66,47.273
363.43,218.66,47.274
363.43,218.66,47.276
365.17,218.66,47.278
363.43,218.66,47.279
363.43,218.66,47.281
363.43,218.66,47.283
365.17,218.66,47.284
358.2,218.66,47.286
363.43,218.66,47.288
365.17,218.66,47.289
365.17,218.66,47.291
363.43,218.66,47.293
366.92,218.66,47.294
363.43,218.66,47.296
363.43,218.66,47.298
365.17,218.66,47.299
365.17,218.66,47.302
365.17,218.66,47.304
363.43,218.66,47.305
365.17,218.66,47.307
365.17,218.66,47.309
366.92,218.66,47.31
365.17,218.66,47.312
363.43,218.66,47.314
363.43,218.66,47.315
359.94,218.66,47.317
363.43,218.66,47.319
363.43,218.66,47.32
365.17,218.66,47.322
365.17,218.66,47.323
370.41,218.66,47.325
365.17,218.66,47.327
365.17,218.66,47.328
363.43,218.66,47.33
363.43,218.66,47.332
365.17,218.66,47.333
373.9,218.66,47.335
363.43,218.66,47.337
365.17,218.66,47.338
365.17,218.66,47.34
363.43,218.66,47.342
365.17,218.66,47.344
365.17,218.66,47.346
365.17,218.66,47.348
365.17,218.66,47.349
368.66,218.66,47.351
359.94,218.66,47.353
363.43,218.66,47.354
363.43,218.66,47.356
365.17,218.66,47.358
361.68,218.66,47.359
365.17,218.66,47.361
365.17,218.66,47.363
363.43,217.9,47.364
363.43,218.66,47.366
365.17,218.66,47.368
365.17,218.66,47.369
363.43,218.66,47.371
365.17,218.66,47.373
365.17,218.66,47.374
365.17,218.66,47.376
366.92,218.66,47.378
363.43,218.66,47.379
368.66,218.66,47.381
370.41,218.66,47.383
358.2,218.66,47.384
365.17,218.66,47.387
363.43,218.66,47.389
365.17,218.66,47.39
358.2,218.66,47.392
365.17,218.66,47.394
363.43,218.66,47.395
365.17,218.66,47.397
365.17,218.66,47.399
365.17,218.66,47.4
363.43,218.66,47.402
365.17,218.66,47.404
363.43,218.66,47.405
365.17,218.66,47.407
363.43,218.66,47.409
363.43,218.66,47.41
363.43,218.66,47.412
363.43,218.66,47.413
370.41,218.66,47.415
366.92,218.66,47.417
365.17,218.66,47.418
366.92,218.66,47.42
363.43,218.66,47.422
365.17,218.66,47.423
363.43,218.66,47.425
358.2,218.66,47.427
365.17,218.66,47.428
359.94,218.66,47.431
359.94,218.66,47.433
363.43,218.66,47.434
365.17,218.66,47.436
365.17,218.66,47.438
368.66,218.66,47.439
365.17,218.66,47.441
363.43,218.66,47.443
365.17,218.66,47.444
365.17,218.66,47.446
365.17,218.66,47.448
365.17,218.66,47.449
365.17,218.66,47.451
366.92,218.66,47.453
365.17,218.66,47.454
365.17,218.66,47.456
363.43,218.66,47.458
365.17,218.66,47.459
365.17,218.66,47.461
365.17,218.66,47.463
363.43,218.66,47.464
365.17,218.66,47.466
358.2,218.66,47.468
365.17,218.66,47.469
366.92,218.66,47.472
365.17,218.66,47.474
361.68,218.66,47.475
361.68,218.66,47.477
361.68,218.66,47.479
363.43,218.66,47.48
363.43,218.66,47.482
361.68,218.66,47.484
361.68,218.66,47.485
359.94,218.66,47.487
363.43,218.66,47.489
359.94,218.66,47.49
361.68,218.66,47.492
365.17,218.66,47.494
361.68,218.66,47.495
363.43,218.66,47.497
363.43,218.66,47.498
363.43,218.66,47.5
363.43,218.66,47.502
365.17,218.66,47.503
365.17,218.66,47.505
366.92,218.66,47.507
363.43,217.13,47.508
361.68,217.9,47.51
361.68,217.13,47.512
359.94,217.13,47.513
359.94,217.9,47.516
358.2,217.13,47.518
363.43,218.66,47.519
363.43,218.66,47.521
365.17,217.9,47.523
363.43,218.66,47.524
363.43,218.66,47.526
361.68,217.9,47.528
363.43,217.9,47.529
361.68,217.9,47.531
368.66,217.13,47.533
361.68,217.9,47.534
361.68,217.9,47.536
363.43,217.9,47.538
361.68,217.9,47.539
361.68,217.9,47.541
365.17,217.9,47.543
363.43,218.66,47.544
365.17,218.66,47.546
363.43,217.9,47.548
361.68,217.9,47.549
363.43,217.9,47.551
363.43,217.9,47.553
370.41,217.9,47.554
358.2,217.9,47.556
363.43,217.9,47.559
363.43,217.9,47.56
363.43,217.9,47.562
363.43,218.66,47.564
361.68,218.66,47.565
361.68,217.9,47.567
363.43,218.66,47.569
365.17,217.9,47.57
361.68,217.9,47.572
363.43,217.9,47.574
361.68,217.9,47.575
363.43,217.9,47.577
363.43,217.9,47.579
365.17,217.9,47.58
365.17,217.9,47.582
361.68,217.9,47.584
372.15,218.66,47.585
365.17,217.9,47.587
366.92,217.9,47.588
358.2,217.9,47.59
358.2,217.9,47.592
363.43,217.9,47.593
361.68,217.9,47.595
359.94,217.9,47.597
365.17,217.9,47.598
363.43,217.9,47.601
361.68,217.9,47.603
363.43,217.9,47.604
363.43,217.9,47.606
363.43,218.66,47.608
356.45,218.66,47.609
366.92,217.9,47.611
363.43,217.9,47.613
363.43,217.9,47.614
363.43,217.9,47.616
365.17,217.9,47.618
363.43,217.9,47.619
363.43,217.9,47.621
363.43,217.9,47.623
361.68,217.9,47.624
363.43,217.9,47.626
361.68,217.9,47.628
365.17,217.9,47.629
363.43,218.66,47.631
365.17,217.9,47.633
363.43,217.9,47.634
363.43,217.9,47.636
370.41,217.9,47.638
365.17,218.66,47.639
361.68,217.9,47.641
358.2,217.9,47.644
363.43,217.9,47.645
365.17,217.9,47.647
363.43,217.9,47.649
361.68,217.9,47.65
363.43,217.9,47.652
365.17,217.9,47.654
363.43,217.9,47.655
365.17,218.66,47.657
361.68,217.9,47.659
363.43,217.9,47.66
363.43,217.9,47.662
365.17,217.9,47.664
361.68,217.9,47.665
363.43,217.9,47.667
363.43,217.9,47.669
361.68,218.66,47.67
363.43,217.9,47.672
363.43,217.9,47.673
363.43,217.9,47.675
363.43,217.9,47.677
363.43,218.66,47.678
359.94,218.66,47.68
361.68,217.9,47.682
366.92,217.9,47.683
363.43,217.9,47.686
363.43,217.9,47.688
363.43,217.9,47.689
363.43,217.9,47.691
363.43,217.9,47.693
354.71,217.9,47.694
365.17,217.9,47.696
365.17,218.66,47.698
361.68,217.9,47.699
363.43,218.66,47.701
370.41,217.9,47.703
363.43,217.9,47.704
363.43,217.9,47.706
363.43,217.9,47.708
363.43,217.9,47.709
366.92,217.9,47.711
358.2,217.9,47.713
361.68,217.9,47.714
361.68,217.9,47.716
363.43,218.66,47.718
363.43,217.9,47.719
363.43,218.66,47.721
361.68,217.9,47.723
363.43,217.9,47.724
358.2,218.66,47.726
363.43,217.9,47.729
365.17,218.66,47.73
368.66,218.66,47.732
363.43,217.9,47.734
363.43,218.66,47.735
365.17,217.9,47.737
366.92,217.9,47.739
356.45,217.9,47.74
363.43,218.66,47.742
361.68,217.9,47.744
363.43,217.9,47.745
363.43,217.9,47.747
363.43,217.9,47.749
361.68,217.9,47.75
363.43,217.9,47.752
363.43,217.9,47.754
363.43,217.9,47.755
363.43,217.9,47.757
363.43,218.66,47.758
363.43,217.9,47.76
370.41,217.9,47.762
363.43,217.9,47.763
363.43,218.66,47.765
363.43,217.9,47.767
363.43,218.66,47.768
363.43,217.9,47.771
359.94,217.9,47.773
366.92,217.9,47.774
361.68,218.66,47.776
363.43,217.9,47.778
365.17,217.9,47.779
363.43,218.66,47.781
363.43,217.9,47.783
359.94,217.9,47.784
363.43,218.66,47.786
363.43,217.9,47.788
365.17,218.66,47.789
363.43,217.9,47.791
361.68,217.9,47.793
363.43,217.9,47.794
363.43,217.9,47.796
361.68,217.9,47.798
361.68,217.9,47.799
363.43,218.66,47.801
365.17,218.66,47.803
363.43,217.9,47.804
363.43,217.9,47.806
363.43,217.9,47.808
363.43,217.9,47.809
361.68,217.9,47.811
363.43,218.66,47.814
363.43,217.9,47.815
363.43,217.9,47.817
361.68,217.9,47.819
366.92,217.9,47.82
363.43,217.9,47.822
361.68,217.9,47.824
363.43,217.9,47.825
363.43,217.9,47.827
363.43,218.66,47.829
363.43,218.66,47.83
361.68,217.9,47.832
363.43,218.66,47.834
370.41,217.9,47.835
361.68,217.9,47.837
363.43,217.9,47.839
363.43,217.9,47.84
361.68,218.66,47.842
365.17,218.66,47.844
363.43,217.9,47.845
365.17,217.9,47.847
363.43,217.9,47.848
359.94,217.9,47.85
365.17,218.66,47.852
365.17,217.9,47.853
361.68,217.9,47.856
363.43,217.9,47.858
365.17,217.9,47.859
363.43,217.9,47.861
363.43,217.9,47.863
363.43,217.9,47.864
363.43,218.66,47.866
361.68,218.66,47.868
363.43,217.9,47.869
363.43,217.9,47.871
363.43,218.66,47.873
370.41,218.66,47.874
363.43,217.9,47.876
363.43,218.66,47.878
365.17,217.9,47.879
363.43,217.9,47.881
361.68,217.9,47.883
363.43,217.9,47.884
363.43,217.9,47.886
365.17,218.66,47.888
363.43,217.9,47.889
359.94,217.9,47.891
361.68,217.9,47.893
363.43,217.9,47.894
363.43,217.9,47.896
363.43,217.9,47.899
363.43,217.9,47.9
363.43,218.66,47.902
366.92,218.66,47.904
363.43,218.66,47.905
359.94,217.9,47.907
361.68,217.9,47.909
361.68,217.9,47.91
363.43,217.9,47.912
363.43,218.66,47.914
363.43,217.9,47.915
363.43,218.66,47.917
363.43,218.66,47.919
363.43,217.9,47.92
365.17,217.9,47.922
363.43,217.9,47.924
368.66,218.66,47.925
365.17,218.66,47.927
361.68,218.66,47.929
361.68,217.9,47.93
363.43,217.9,47.932
365.17,217.9,47.933
365.17,218.66,47.935
359.94,217.9,47.937
363.43,217.9,47.938
366.92,217.9,47.94
363.43,217.9,47.943
361.68,218.66,47.944
361.68,217.9,47.946
363.43,217.9,47.948
361.68,218.66,47.949
366.92,217.9,47.951
365.17,218.66,47.953
361.68,217.9,47.954
363.43,217.9,47.956
358.2,218.66,47.958
363.43,217.9,47.959
361.68,217.9,47.961
363.43,218.66,47.963
361.68,217.9,47.964
361.68,217.9,47.966
363.43,217.9,47.968
365.17,217.9,47.969
372.15,218.66,47.971
359.94,217.9,47.973
361.68,217.9,47.974
361.68,217.9,47.976
361.68,217.9,47.978
359.94,217.9,47.979
359.94,218.66,47.981
361.68,217.9,47.984
361.68,217.9,47.985
361.68,217.9,47.987
365.17,218.66,47.989
365.17,217.9,47.99
359.94,217.9,47.992
359.94,217.9,47.994
361.68,218.66,47.995
359.94,218.66,47.997
361.68,217.9,47.999
361.68,217.9,48
361.68,217.9,48.002
363.43,218.66,48.004
361.68,218.66,48.005
361.68,218.66,48.007
359.94,217.13,48.009
361.68,217.9,48.01
359.94,217.13,48.012
363.43,217.13,48.014
361.68,217.9,48.015
361.68,217.13,48.017
361.68,217.9,48.019
361.68,218.66,48.02
361.68,217.9,48.022
361.68,218.66,48.023
365.17,218.66,48.025
363.43,217.9,48.028
363.43,217.9,48.029
361.68,217.9,48.031
358.2,217.9,48.033
361.68,217.9,48.034
361.68,217.13,48.036
361.68,217.9,48.038
363.43,217.13,48.039
361.68,218.66,48.041
361.68,217.9,48.043
361.68,217.9,48.044
368.66,217.9,48.046
363.43,217.9,48.048
359.94,217.9,48.049
361.68,217.13,48.051
361.68,217.13,48.053
363.43,217.9,48.054
359.94,217.13,48.056
363.43,217.9,48.058
361.68,217.9,48.059
359.94,217.9,48.061
363.43,217.9,48.063
363.43,217.9,48.064
363.43,217.9,48.066
363.43,217.9,48.068
361.68,217.13,48.07
363.43,217.9,48.072
359.94,217.9,48.074
361.68,217.9,48.075
361.68,217.9,48.077
363.43,217.9,48.079
363.43,217.9,48.08
361.68,217.9,48.082
363.43,217.9,48.084
361.68,217.9,48.085
361.68,217.9,48.087
372.15,217.9,48.089
361.68,217.9,48.09
363.43,217.9,48.092
363.43,217.9,48.094
361.68,217.9,48.095
361.68,217.9,48.097
363.43,217.9,48.099
361.68,217.9,48.1
361.68,217.9,48.102
361.68,217.9,48.104
363.43,217.9,48.105
366.92,217.9,48.107
361.68,217.9,48.108
363.43,217.9,48.11
359.94,217.9,48.113
358.2,217.9,48.114
363.43,217.9,48.116
363.43,217.9,48.118
361.68,217.9,48.119
361.68,217.9,48.121
363.43,217.9,48.123
365.17,217.9,48.124
361.68,217.9,48.126
365.17,217.9,48.128
354.71,217.9,48.129
363.43,217.9,48.131
370.41,217.9,48.133
363.43,217.9,48.134
363.43,217.9,48.136
359.94,217.9,48.138
363.43,217.9,48.139
365.17,217.9,48.141
363.43,217.9,48.143
361.68,217.9,48.144
359.94,217.9,48.146
361.68,217.9,48.148
358.2,217.9,48.149
363.43,217.9,48.151
363.43,217.9,48.153
359.94,217.9,48.155
361.68,217.9,48.157
361.68,217.9,48.159
363.43,217.9,48.16
365.17,217.9,48.162
359.94,217.9,48.164
361.68,217.9,48.165
361.68,217.9,48.167
361.68,217.9,48.169
363.43,217.9,48.17
363.43,217.9,48.172
363.43,217.9,48.174
363.43,217.9,48.175
363.43,217.9,48.177
365.17,217.9,48.179
363.43,217.9,48.18
361.68,217.9,48.182
361.68,217.9,48.184
361.68,217.9,48.185
363.43,217.13,48.187
363.43,217.9,48.189
361.68,217.9,48.19
361.68,217.9,48.192
363.43,217.9,48.193
361.68,217.9,48.195
368.66,217.9,48.198
363.43,217.9,48.199
361.68,217.9,48.201
358.2,217.9,48.203
361.68,217.9,48.204
363.43,217.9,48.206
363.43,217.9,48.208
358.2,217.13,48.209
363.43,217.9,48.211
361.68,217.9,48.213
361.68,217.9,48.214
361.68,217.9,48.216
363.43,217.13,48.218
363.43,217.9,48.219
361.68,217.9,48.221
361.68,217.9,48.223
361.68,217.9,48.224
363.43,217.9,48.226
363.43,217.9,48.228
363.43,217.9,48.229
361.68,217.9,48.231
361.68,217.9,48.233
363.43,217.9,48.234
363.43,217.9,48.236
361.68,217.9,48.238
359.94,217.9,48.24
361.68,217.9,48.242
363.43,217.9,48.244
361.68,217.9,48.245
363.43,217.9,48.247
368.66,217.9,48.249
361.68,217.9,48.25
363.43,217.9,48.252
358.2,217.9,48.254
361.68,217.9,48.255
361.68,217.9,48.257
361.68,217.9,48.259
358.2,217.13,48.26
359.94,217.9,48.262
361.68,217.9,48.264
361.68,217.9,48.265
361.68,217.9,48.267
363.43,217.9,48.269
368.66,217.9,48.27
361.68,217.9,48.272
366.92,217.9,48.274
363.43,217.9,48.275
358.2,217.9,48.277
365.17,217.9,48.279
361.68,217.9,48.28
363.43,217.9,48.283
363.43,217.9,48.284
361.68,217.9,48.286
363.43,217.9,48.288
363.43,217.9,48.289
354.71,217.9,48.291
361.68,217.9,48.293
359.94,217.9,48.294
365.17,217.9,48.296
361.68,217.9,48.298
361.68,217.9,48.299
363.43,217.9,48.301
368.66,217.9,48.303
363.43,217.9,48.304
363.43,217.9,48.306
361.68,217.9,48.308
359.94,217.9,48.309
361.68,217.13,48.311
361.68,217.9,48.313
361.68,217.9,48.314
363.43,217.9,48.316
363.43,217.9,48.318
359.94,217.9,48.319
363.43,217.9,48.321
359.94,217.9,48.323
363.43,217.9,48.324
358.2,217.9,48.327
361.68,217.9,48.329
361.68,217.9,48.33
361.68,217.9,48.332
361.68,217.9,48.334
363.43,217.9,48.335
361.68,217.9,48.337
363.43,217.9,48.339
361.68,217.9,48.34
363.43,217.9,48.342
361.68,217.9,48.344
361.68,217.9,48.345
359.94,218.66,48.347
361.68,217.9,48.349
361.68,217.9,48.35
363.43,217.9,48.352
363.43,217.9,48.354
363.43,217.9,48.355
361.68,217.9,48.357
363.43,217.9,48.359
363.43,217.9,48.36
363.43,217.9,48.362
363.43,217.9,48.364
361.68,217.9,48.365
361.68,217.9,48.368
366.92,217.13,48.369
361.68,217.9,48.371
361.68,217.9,48.373
361.68,217.9,48.374
361.68,217.9,48.376
363.43,217.9,48.378
359.94,217.9,48.379
368.66,217.9,48.381
363.43,217.9,48.383
365.17,217.9,48.384
365.17,217.9,48.386
363.43,217.9,48.388
363.43,217.9,48.389
363.43,217.9,48.391
363.43,217.9,48.393
361.68,217.9,48.394
361.68,217.9,48.396
363.43,217.13,48.398
363.43,217.9,48.399
363.43,217.9,48.401
363.43,217.9,48.403
361.68,217.9,48.404
361.68,217.9,48.406
363.43,217.9,48.408
361.68,217.9,48.409
363.43,217.9,48.412
361.68,217.9,48.414
363.43,217.9,48.415
363.43,217.9,48.417
363.43,217.9,48.419
363.43,217.9,48.42
363.43,217.9,48.422
365.17,217.9,48.424
361.68,217.9,48.425
361.68,217.9,48.427
361.68,217.9,48.429
363.43,217.9,48.43
370.41,218.66,48.432
361.68,217.9,48.434
363.43,217.9,48.435
358.2,217.9,48.437
363.43,217.9,48.439
363.43,217.9,48.44
363.43,217.9,48.442
361.68,217.9,48.444
363.43,217.9,48.445
361.68,218.66,48.447
359.94,217.9,48.449
363.43,217.9,48.45
361.68,217.9,48.452
361.68,217.9,48.455
361.68,217.9,48.456
361.68,217.9,48.458
361.68,217.9,48.459
363.43,217.9,48.461
359.94,217.9,48.463
361.68,217.9,48.464
365.17,217.9,48.466
363.43,217.13,48.468
361.68,217.9,48.469
361.68,217.9,48.471
359.94,217.9,48.473
361.68,217.9,48.474
359.94,217.9,48.476
359.94,217.9,48.478
361.68,217.9,48.479
361.68,217.9,48.481
359.94,217.9,48.483
361.68,217.9,48.484
359.94,217.9,48.486
359.94,217.9,48.488
366.92,217.9,48.489
359.94,217.9,48.491
363.43,217.9,48.493
361.68,217.9,48.494
361.68,218.66,48.497
361.68,217.9,48.499
361.68,217.9,48.5
361.68,217.9,48.502
365.17,217.9,48.504
365.17,217.9,48.505
361.68,217.9,48.507
359.94,216.37,48.509
359.94,217.13,48.51
359.94,216.37,48.512
361.68,216.37,48.514
359.94,217.13,48.515
359.94,217.13,48.517
361.68,217.9,48.519
361.68,218.66,48.52
365.17,217.13,48.522
363.43,217.9,48.524
363.43,217.9,48.525
359.94,217.9,48.527
361.68,217.9,48.529
359.94,217.13,48.53
356.45,217.13,48.532
359.94,217.13,48.534
361.68,217.13,48.535
359.94,217.13,48.537
359.94,217.13,48.54
361.68,217.13,48.541
363.43,217.9,48.543
361.68,217.13,48.544
361.68,217.13,48.546
359.94,217.9,48.548
363.43,217.13,48.549
359.94,217.13,48.551
358.2,217.13,48.553
361.68,217.13,48.554
356.45,217.13,48.556
366.92,217.13,48.558
363.43,217.13,48.559
361.68,217.13,48.561
361.68,217.13,48.563
356.45,217.9,48.564
361.68,217.13,48.566
361.68,217.9,48.568
363.43,217.9,48.569
361.68,217.13,48.571
359.94,217.13,48.573
365.17,217.13,48.574
361.68,217.13,48.576
361.68,217.13,48.578
361.68,217.13,48.579
361.68,217.13,48.582
365.17,217.13,48.584
361.68,217.9,48.585
359.94,217.13,48.587
363.43,217.9,48.589
359.94,217.13,48.59
361.68,217.13,48.592
361.68,217.13,48.594
365.17,217.13,48.595
359.94,217.13,48.597
356.45,217.13,48.599
361.68,216.37,48.6
361.68,217.13,48.602
361.68,217.13,48.604
361.68,217.13,48.605
361.68,217.9,48.607
363.43,217.9,48.609
359.94,217.9,48.61
363.43,217.13,48.612
359.94,217.13,48.614
359.94,217.9,48.615
361.68,217.13,48.617
358.2,217.13,48.619
361.68,217.13,48.62
359.94,217.13,48.622
361.68,217.13,48.625
359.94,217.13,48.626
368.66,217.9,48.628
361.68,217.9,48.629
361.68,217.13,48.631
359.94,217.13,48.633
361.68,217.13,48.634
358.2,217.13,48.636
361.68,217.13,48.638
365.17,217.9,48.639
351.22,217.13,48.641
361.68,217.13,48.643
361.68,217.13,48.644
361.68,217.13,48.646
359.94,217.13,48.648
354.71,217.13,48.649
361.68,217.9,48.651
361.68,217.13,48.653
361.68,217.13,48.654
361.68,217.13,48.656
361.68,217.13,48.658
359.94,217.13,48.659
